3	23	2	11	15	35	0	0	1	0	0	0	0	2	7	3	1	1	2	1	1	0	0	0	0	0	0
4	20	2	10	15	9	0	0	0	0	1	0	0	4	1	3	1	1	4	1	1	0	0	0	0	2.5	3
5	26	1	11	16	40	0	0	1	0	0	0	0	2	1	4	1	1	2	2	1	0	0	0	0	0	0
7	23	2	10	15	60	0	0	1	0	0	0	0	2	1	2	2	2	2	3	1	2	1	1	1	2	2
8	26	2	10	14	40	0	0	0	0	1	0	0	4	1	2	3	3	4	2	1	2	1	1	1	1	1
13	21	2	10	15	0	0	0	0	0	1	0	0	4	0	1	2	2	4	1	1	0	0	0	0	2	2
14	23	1	11	15	73	0	0	1	0	0	0	0	2	7	2	1	1	2	3	1	0	0	0	0	0	0
15	34	1	11	16	55	0	0	0	0	1	0	0	4	1	3	1	1	4	3	2	0	0	0	0	0	0
16	22	2	12	16	40	0	0	1	1	0	0	1	2	1	1	1	1	6	2	1	6	3	3	3	5	5
18	31	1	11	15	60	0	0	1	0	0	0	0	2	1	1	2	1	2	3	2	0	0	0	0	0	0
20	19	2	10	14	40	1	1	0	0	0	0	0	1	1	3	1	2	1	2	1	0	0	0	0	0	0
21	26	2	12	17	40	1	1	0	0	0	0	0	1	1	2	4	2	1	2	1	0	0	0	0	0	0
22	18	2	11	16	40	0	0	0	0	1	0	0	4	0	3	2	2	4	2	1	0	0	0	0	5.5	6
23	26	2	10	14	50	0	1	1	1	0	0	1	2	1	3	2	1	6	3	1	2	0	1	0	1	1
24	32	1	11	15	15	1	1	0	0	0	0	0	1	7	2	1	2	1	1	2	0	0	0	0	0	0
25	22	1	12	18	18	1	1	0	0	0	0	0	1	1	2	1	2	1	1	1	2	1	1	1	2	2
26	17	1	12	16	40	1	1	0	0	0	0	0	1	0	1	1	1	1	2	1	0	0	0	0	0	0
27	23	2	12	18	40	0	0	0	0	1	0	0	4	0	5	4	2	4	2	1	0	0	0	0	9.5	10
28	24	2	11	15	40	1	0	0	0	0	1	0	5	0	2	4	2	5	2	1	2	1	1	1	1	1
29	20	2	10	15	22	0	1	0	0	0	0	0	1	1	2	2	2	1	1	1	6	1.5	2.5	2	3.5	4
30	25	2	12	17	40	0	0	1	0	0	0	0	2	1	3	2	1	2	2	1	0	0	0	0	2	2
31	33	1	10	17	7	1	0	0	0	0	1	0	5	0	2	2	1	5	1	2	2	0.333333	0.333333	1	0.333333333	1
32	25	2	10	14	28	1	1	0	0	0	1	1	5	1	3	3	2	6	1	1	6	1.33333	1.33333	3	1.666666667	4
33	20	2	11	15	40	0	0	1	0	0	0	0	2	1	4	2	3	2	2	1	0	0	0	0	1	1
35	22	1	11	16	40	0	1	0	0	0	0	0	1	1	3	3	2	1	2	1	12	4.5	5.5	5	5.5	6
36	21	1	10	15	40	0	0	0	0	0	1	0	4	1	3	1	2	5	2	1	6	3	3	3	6	6
37	24	2	10	14	40	1	0	0	0	0	1	0	5	1	2	2	3	5	2	1	42	11.8333	16.8333	16	22.66666667	31
38	22	1	12	18	40	1	0	0	1	0	0	0	1	7	2	1	2	3	2	1	0	2	0	2	3	3
39	23	2	10	16	18	1	0	0	0	0	1	0	5	1	2	1	2	5	1	1	0	0	0	0	1	1
40	27	1	12	17	50	0	0	0	0	1	0	0	4	1	3	3	3	4	3	1	14	7	7	7	16.75	20
41	23	2	12	17	40	1	0	0	0	0	1	0	5	1	1	2	2	5	2	1	0	1	0	1	1	1
42	19	1	12	18	40	1	0	0	1	0	0	0	1	1	1	4	2	3	2	1	2	2	1	2	2	2
43	27	2	10	14	40	0	0	0	0	1	0	0	4	1	3	1	1	4	2	1	6	0	3	0	6	6
44	23	2	12	17	40	0	0	0	0	1	0	0	4	0	2	2	2	4	2	1	0	0	0	0	0.25	1
45	21	1	11	16	40	0	0	0	0	1	0	0	4	0	1	1	2	4	2	1	0	0	0	0	1.5	2
47	20	1	11	16	50	0	0	1	0	0	0	0	2	1	1	1	2	2	3	1	26	4.5	11.5	5	15	17
48	25	2	10	14	50	1	0	0	0	0	1	0	5	1	1	2	2	5	3	1	0	1	0	1	1	1
49	24	2	11	16	50	1	0	0	0	0	1	0	5	1	1	1	1	5	3	1	0	0	0	0	0.5	1
50	29	1	10	15	35	0	0	1	0	0	0	0	2	1	3	1	1	2	1	1	0	0	0	0	0	0
51	27	2	10	16	50	1	0	0	0	0	1	0	5	1	4	1	1	5	3	1	0	0	0	0	0	0
52	27	1	11	16	40	1	0	0	0	0	1	0	5	1	3	2	2	5	2	1	32	13.3333	14.3333	15	19.83333333	24
53	26	2	11	15	40	0	0	1	0	0	0	0	2	1	2	1	2	2	2	1	0	0	0	0	1	1
54	21	2	10	16	36	0	0	0	0	1	0	0	4	0	2	1	1	4	2	1	0	0	0	0	4.5	5
56	21	2	11	16	40	1	0	0	0	0	1	0	5	7	4	2	2	5	2	1	12	6	6	6	9	9
57	26	1	10	15	40	1	1	0	0	0	0	0	1	1	2	1	2	1	2	1	0	0	0	0	0	0
58	28	2	12	15	70	0	0	1	0	0	0	0	2	1	3	3	1	2	3	1	0	0	0	0	0	0
59	21	1	10	16	40	0	0	0	0	1	0	0	4	0	3	2	2	4	2	1	0	0	0	0	0	0
60	19	2	10	14	40	1	1	0	0	0	0	0	1	7	1	1	1	1	2	1	2	1	1	1	1	1
61	22	1	12	17	40	1	1	0	0	0	0	0	1	0	3	2	2	1	2	1	0	0	0	0	0	0
62	19	2	11	15	40	0	0	1	0	0	0	0	2	0	3	1	1	2	2	1	0	0	0	0	0	0
63	28	2	12	16	40	0	0	1	0	0	0	0	2	1	3	4	4	2	2	1	2	1	1	1	2	2
64	28	1	11	15	7	0	0	1	0	0	0	0	2	1	3	2	3	2	1	1	0	0	0	0	3	3
65	30	2	11	15	35	0	1	1	1	0	0	1	2	1	2	2	2	6	1	2	34	17	17	17	19	20
66	19	1	12	16	117	0	0	1	0	0	0	0	2	1	4	2	3	2	3	1	12	6	6	6	10	10
67	23	1	11	16	36	0	0	1	0	0	0	0	2	1	1	1	1	2	2	1	0	0	0	0	0	0
68	33	2	11	15	35	0	0	1	0	0	0	0	2	1	3	2	2	2	1	2	0	0	0	0	1	2
69	38	2	11	16	30	0	0	1	0	0	0	0	2	7	3	1	1	2	1	2	3	0	2.33333	0	3.333333333	4
70	29	1	10	14	37	0	0	0	0	1	0	0	4	1	4	3	3	4	2	1	1	1	1	1	1	1
71	26	1	11	15	40	0	0	0	0	1	0	0	4	0	1	1	2	4	2	1	0	0	0	0	3.5	4
73	21	1	12	17	40	0	0	0	0	1	0	0	4	0	1	1	1	4	2	1	14	7	7	7	19.5	22
74	20	1	10	15	33	0	0	0	0	1	0	0	4	0	3	5	3	4	1	1	0	0	0	0	5.166666667	9
75	18	2	11	15	44	1	0	0	0	0	1	0	5	0	1	1	2	5	3	1	0	1	0	1	1	1
77	21	2	12	16	40	1	1	0	0	0	0	0	1	1	2	2	2	1	2	1	0	0	0	0	0.5	1
78	35	1	12	17	44	1	0	0	0	0	1	0	5	0	4	3	2	5	3	2	11	5.5	6.5	7	8	11
79	19	2	12	17	68	0	0	0	0	1	0	0	4	0	2	2	4	4	3	1	0	0	0	0	1.5	2
80	18	1	10	15	40	0	0	0	0	1	0	0	4	0	2	2	3	4	2	1	0	0	0	0	0	0
81	24	1	12	17	40	0	0	0	1	0	0	0	2	1	2	2	2	3	2	1	0	0	0	0	13.33333333	14
82	27	2	11	15	40	1	1	0	0	0	0	0	5	0	3	1	2	1	2	1	0	0	0	0	0	0
83	22	1	9	17	40	1	0	0	0	0	1	0	5	0	3	3	2	5	2	1	0	0	0	0	0	0
84	22	2	11	15	68	0	0	0	0	1	0	0	4	0	1	1	1	4	3	1	0	0	0	0	3	6
85	26	2	11	17	40	1	1	0	0	0	0	0	1	0	2	2	2	1	2	1	0	0	0	0	1	1
86	21	2	12	17	40	0	0	0	0	1	0	0	4	1	1	1	1	4	2	1	0	0	0	0	0.5	1
87	30	2	10	15	45	1	1	0	0	0	0	0	1	7	2	4	2	1	3	2	4	1.5	1.5	2	1.5	2
88	19	1	10	15	40	1	1	0	0	0	0	0	1	1	2	1	1	1	2	1	0	0	0	0	1	1
89	22	1	11	16	40	0	0	0	0	1	0	0	4	1	3	2	2	4	2	1	0	0	0	0	0	0
90	23	1	12	17	15	1	1	0	0	0	0	0	1	0	1	1	1	1	1	1	10	5	5	5	6	6
92	21	2	10	15	25	0	0	0	0	1	0	0	4	1	3	2	2	4	1	1	52	22.8333	23.8333	25	44.33333333	50
93	19	2	10	15	15	0	0	1	1	0	0	1	2	1	1	4	2	6	1	1	10	0	5	0	14	14
94	22	1	12	16	40	0	0	1	0	0	0	0	2	1	1	1	1	2	2	1	0	0	0	0	0	0
95	19	2	12	16	65	0	0	1	0	0	0	0	2	7	3	2	2	2	3	1	0	0	0	0	1	1
96	24	1	12	16	40	1	0	0	0	0	1	0	5	1	2	1	2	5	2	1	0	0	0	0	3.5	4
97	23	1	11	17	40	1	0	0	0	0	1	0	5	0	2	1	1	5	2	1	0	0	0	0	1	1
98	20	1	12	17	40	0	0	0	0	1	0	0	4	0	3	1	2	4	2	1	0	0	0	0	22.08333333	26
99	23	2	10	15	0	1	0	0	0	0	1	0	5	1	4	2	2	5	1	1	24	2.83333	5.7	7	8.2	19
100	21	2	12	17	40	1	0	0	0	0	1	0	5	1	1	4	4	5	2	1	6	3	3	3	3	3
101	22	1	11	17	40	0	0	0	0	1	0	0	4	0	1	2	3	4	2	1	0	0	0	0	0	0
102	30	2	12	17	40	0	0	1	0	0	0	0	2	1	3	4	2	2	2	2	0	0	0	0	0	0
103	21	1	10	14	80	1	0	0	0	0	1	0	5	1	1	1	1	5	3	1	6	2.5	2.5	3	2.5	3
104	30	1	12	16	35	0	0	1	0	0	0	0	2	1	2	3	2	2	1	2	4	0	1.5	0	3.5	4
105	20	1	10	15	75	0	0	1	0	0	0	0	2	1	1	1	2	2	3	1	2	0	1	0	2	2
106	22	1	12	16	40	0	0	0	0	1	0	0	4	0	1	2	2	4	2	1	0	0	0	0	15.83333333	20
107	20	2	12	17	40	0	0	0	0	1	0	0	4	0	1	2	1	4	2	1	13	8	9	8	9.5	11
108	21	1	12	17	40	0	0	0	0	1	0	0	4	7	3	2	2	4	2	1	0	0	0	0	0	0
109	20	2	10	14	40	1	0	0	0	0	1	0	1	1	3	2	2	5	2	1	28	11.5	13	12	23.5	25
110	22	1	10	14	20	1	0	0	0	0	1	0	1	1	1	2	1	5	1	1	35	15.5833	11.9167	19	29	38
111	21	1	10	15	45	1	1	0	0	0	0	0	1	1	2	1	2	1	3	1	60	26	27.5	28	36	40
112	31	1	12	17	32	1	0	0	0	0	1	0	1	1	2	2	2	5	1	2	0	0	0	0	0	0
113	25	1	10	14	60	1	0	0	0	0	1	0	5	1	4	2	2	5	3	1	24	6	11	7	12.5	14
114	25	2	11	16	40	1	0	0	0	0	1	0	5	1	4	4	2	5	2	1	12	6	6	6	9	9
115	19	1	11	17	35	0	1	0	0	0	0	0	1	1	3	2	2	1	1	1	14	5	6	6	7	8
117	30	2	11	16	63	1	1	0	0	0	0	0	1	1	3	2	2	1	3	2	14	7	7	7	9.5	10
118	21	1	11	16	40	1	0	0	0	0	1	0	1	1	3	2	3	5	2	1	2	0.5	0.5	1	0.5	1
120	33	1	11	15	90	0	0	1	0	0	0	0	2	1	3	1	1	2	3	2	0	0	0	0	0	0
122	23	2	11	15	18	1	1	0	0	0	0	0	1	7	3	3	3	1	1	1	2	1	1	1	1	1
123	24	2	12	16	40	0	0	1	0	0	0	0	2	1	1	1	1	2	2	1	0	0	0	0	0	0
124	31	1	10	16	40	0	1	0	0	0	0	0	1	7	3	2	2	1	2	2	12	6	6	6	6	6
125	22	2	11	15	10	0	0	1	0	0	0	0	2	1	2	1	2	2	1	1	0	0	0	0	1	1
126	29	2	11	15	40	0	0	0	0	1	0	0	4	1	4	1	2	4	2	1	0	0	0	0	0	0
127	22	2	12	17	40	0	0	1	0	0	0	0	2	1	1	1	1	2	2	1	10	4	5	4	7	7
128	18	2	10	14	31	0	0	0	0	1	0	0	4	0	1	1	2	4	1	1	0	0	0	0	0.583333333	2
129	24	1	12	16	40	0	0	1	0	0	0	0	2	1	1	1	1	2	2	1	0	0	0	0	0	0
130	20	2	10	14	40	0	1	0	0	0	0	0	1	1	3	3	2	1	2	1	0	0	0	0	0	0
131	20	2	11	15	1	0	0	1	1	0	0	1	2	1	3	4	2	6	1	1	15	0	9	0	21.83333333	23
132	21	1	11	15	31	1	1	0	0	0	0	0	1	1	5	2	2	1	1	1	2	0	1	0	1	1
133	23	1	11	15	16	1	0	0	0	0	1	0	5	7	4	3	4	5	1	1	24	8.5	10	11	15.5	21
134	29	1	10	14	48	0	0	0	0	1	0	0	4	1	2	2	3	4	3	1	0	0	0	0	1	1
135	29	1	12	18	40	1	1	0	0	0	0	0	1	0	1	3	2	1	2	1	10	4	4	5	7	9
136	20	2	11	16	40	0	0	0	0	1	0	0	4	0	1	1	2	4	2	1	0	0	0	0	5	5
137	22	2	10	14	37	0	0	1	0	0	0	0	2	1	1	2	3	2	2	1	0	0	0	0	4.533333333	6
138	19	2	11	15	20	0	0	0	0	1	0	0	4	0	1	1	2	4	1	1	0	0	0	0	1.166666667	3
140	24	2	10	15	40	1	0	0	0	0	1	0	5	1	3	1	1	5	2	1	0	0	0	0	0	0
141	20	1	10	15	75	1	1	0	0	0	0	0	1	1	1	1	1	1	3	1	128	75.5	80	76	98.5	100
142	23	1	11	15	40	0	0	0	0	1	0	0	4	0	1	1	1	4	2	1	0	4	0	4	9	10
143	20	2	10	15	11	1	1	0	0	0	0	0	1	1	1	1	2	1	1	1	0	0	0	0	0	0
144	19	1	11	15	40	0	0	0	0	1	0	0	4	0	3	1	2	4	2	1	0	0	0	0	15.83333333	17
146	24	1	11	16	8	0	0	0	0	1	0	0	4	0	2	3	3	4	1	1	14	5	5.83333	5	11.83333333	14
147	27	2	11	15	40	0	0	0	0	1	0	0	4	1	3	1	1	4	2	1	0	0	0	0	0	0
148	17	2	12	16	55	1	0	0	0	0	1	0	5	1	1	2	2	5	3	1	14	5	7	5	8	8
149	18	1	10	15	40	0	0	0	0	1	0	0	1	1	2	1	1	4	2	1	0	0	0	0	0	0
150	35	2	10	15	40	1	0	0	0	0	1	0	1	7	3	2	3	5	2	2	8	4	4.25	4	4.583333333	6
151	20	1	12	18	80	0	0	0	0	1	0	0	4	0	1	1	1	4	3	1	0	0	0	0	0.916666667	3
152	20	1	10	15	50	1	1	0	0	0	1	1	1	7	1	1	2	6	3	1	6	0	3	0	5	5
153	25	1	10	15	18	1	0	0	0	0	1	0	5	1	3	1	1	5	1	1	22	12	12.5	13	24	25
154	24	1	10	15	11	1	1	0	0	0	0	0	1	1	4	1	1	1	1	1	4	3	3	3	3	3
155	18	2	12	17	40	0	0	0	0	1	0	0	4	1	1	4	3	4	2	1	28	13.0833	12.0833	15	31.08333333	34
156	34	1	11	16	54	1	1	0	0	0	0	0	1	1	4	1	5	1	3	2	4	1.25	1.25	2	2.25	3
157	27	1	12	16	12	1	0	0	0	0	1	0	1	7	3	2	2	5	1	1	7	3	3	4	15.5	17
158	25	1	11	16	30	1	0	0	0	0	1	0	5	1	3	2	2	5	1	1	38	14.5	17.8333	15	29.66666667	32
159	24	1	11	16	50	1	0	0	0	0	1	0	5	1	2	1	2	5	3	1	0	0	0	0	1	1
160	27	1	11	16	40	0	0	1	0	0	0	0	2	1	3	2	2	2	2	1	0	0	0	0	5.5	6
161	23	2	10	14	40	0	0	1	0	0	0	0	2	7	1	4	1	2	2	1	0	0	0	0	20.5	21
163	22	1	10	14	40	1	1	0	0	0	1	1	5	1	2	1	2	6	2	1	14	6.33333	6.33333	7	9.333333333	10
165	34	1	12	17	54	1	1	0	0	0	0	0	1	1	3	2	1	1	3	2	0	1	0	1	1	1
166	19	1	12	17	40	0	1	0	0	0	0	0	1	1	1	1	1	1	2	1	0	0	0	0	1	1
167	25	2	11	16	45	0	0	1	0	0	0	0	2	1	2	2	2	2	3	1	0	0	0	0	3	3
168	21	1	11	16	35	0	0	1	0	0	0	0	2	1	2	2	2	2	1	1	0	0	0	0	0	0
169	25	1	12	17	40	0	0	1	0	0	0	0	2	1	1	1	1	2	2	1	8	4	4	4	9	9
170	33	1	10	15	40	1	0	0	1	0	0	0	3	1	2	2	1	3	2	2	0	0	0	0	1	1
171	22	2	11	16	40	1	1	0	0	0	0	0	1	0	1	2	2	1	2	1	14	6.5	6.5	7	7.5	8
172	24	1	10	14	40	0	0	1	0	0	0	0	2	7	1	1	2	2	2	1	3	2	2	2	2	2
173	21	2	11	15	40	1	1	0	0	0	1	1	5	7	4	3	4	6	2	1	10	3	5	3	5	5
174	22	1	11	16	6	0	0	1	0	0	0	0	2	1	2	1	2	2	1	1	0	0	0	0	10	10
175	17	1	10	15	12	1	0	0	0	0	1	0	5	1	2	1	1	5	1	1	12	5.5	5.5	6	5.5	6
176	19	2	11	17	40	0	0	0	0	1	0	0	4	1	4	4	3	4	2	1	0	0	0	0	3.333333333	7
177	26	1	11	15	32	0	0	0	0	1	0	0	4	0	5	2	2	4	1	1	16	7	7.33333	7	16.33333333	18
178	29	1	11	15	35	1	0	0	0	0	1	0	5	1	4	3	3	5	1	1	38	17	19	17	28	28
180	21	1	10	15	35	0	0	0	0	1	0	0	4	0	2	1	1	4	1	1	0	0	0	0	4.583333333	6
181	27	2	12	17	35	1	0	0	0	0	1	0	5	1	2	2	2	5	1	1	8	4	4	4	5	5
182	19	1	10	16	35	0	0	0	0	1	0	0	4	0	3	1	2	4	1	1	0	0	0	0	4.583333333	6
183	20	2	12	16	9	1	0	0	0	0	1	0	5	1	2	4	2	5	1	1	3	2	2	2	3	3
184	24	1	11	16	100	0	0	0	0	1	0	0	4	1	2	3	2	4	3	1	5	3.5	3.5	4	4.5	5
186	23	2	12	17	40	0	1	0	0	0	0	0	1	0	4	2	4	1	2	1	4	1.5	1.5	2	2.5	3
187	20	1	12	16	70	0	0	0	0	1	0	0	4	0	3	1	2	4	3	1	5	0	3	0	6	6
188	20	1	10	15	40	0	0	0	0	1	0	0	4	0	1	1	1	4	2	1	0	0	0	0	1.166666667	3
189	24	1	11	18	40	0	0	0	0	1	1	1	4	0	3	2	3	6	2	1	0	1	0	1	1	1
190	25	2	11	16	40	0	0	0	0	1	0	0	4	1	3	2	2	4	2	1	0	1	0	1	2	2
191	20	1	11	15	40	0	0	0	0	1	0	0	4	0	2	3	2	4	2	1	0	0	0	0	1	2
192	24	2	11	16	40	1	1	0	0	0	0	0	5	1	3	2	3	1	2	1	2	3	2	3	3	3
193	22	1	10	14	40	1	0	0	1	0	0	0	3	7	2	1	1	3	2	1	13	4	7.25	5	12.75	15
194	20	2	12	16	40	1	0	0	0	0	1	0	5	0	1	2	2	5	2	1	0	0	0	0	6	6
195	29	2	12	16	10	1	0	0	0	0	1	0	5	1	2	1	3	5	1	1	1	0.5	0.5	1	0.5	1
196	25	1	11	15	40	1	0	0	0	0	1	0	5	1	2	1	2	5	2	1	7	4	5	4	6	6
197	21	1	12	17	40	0	0	0	0	1	0	0	4	0	3	2	2	4	2	1	0	0	0	0	1.333333333	3
198	21	2	11	15	30	1	0	0	0	0	1	0	5	0	2	2	3	5	1	1	1	1	1	1	1	1
199	28	2	10	15	40	1	0	0	0	0	1	0	5	0	4	3	2	5	2	1	0	0	0	0	0	0
200	34	2	10	14	10	1	0	0	0	0	1	0	5	1	2	3	2	5	1	2	2	2	2	2	2	2
201	18	2	11	17	23	0	0	0	0	1	0	0	4	0	1	2	2	4	1	1	0	0	0	0	0.333333333	1
202	19	2	10	15	23	0	0	0	0	1	0	0	4	0	1	1	2	4	1	1	11	6	6	6	12.33333333	15
203	22	1	10	16	12	1	0	0	0	0	1	0	5	1	3	3	3	5	1	1	0	0	0	0	1	1
204	25	1	12	16	40	0	0	0	0	1	0	0	4	1	3	2	3	4	2	1	4	2	2	2	2	2
205	22	1	10	14	45	0	0	1	0	0	0	0	2	1	2	1	1	2	3	1	0	0	0	0	0	0
206	30	1	10	15	40	1	1	0	0	0	0	0	1	1	3	2	2	1	2	2	0	1	0	1	1	1
207	24	1	10	14	40	0	0	1	0	0	0	0	2	1	4	5	4	2	2	1	0	0	0	0	0	0
209	24	2	11	16	40	0	0	1	0	0	0	0	2	1	1	1	3	2	2	1	4	2	2	2	3	3
210	20	1	12	17	70	0	0	0	0	1	0	0	4	1	1	1	1	4	3	1	0	0	0	0	6.45	15
211	20	2	10	15	10	0	0	1	0	0	0	0	2	1	2	1	2	2	1	1	2	1	1	1	1	1
212	20	2	10	14	32	1	0	0	0	0	1	0	5	1	1	1	1	5	1	1	32	12.3333	15.3333	14	22.33333333	26
213	23	2	12	17	70	0	0	0	0	1	0	0	4	1	3	1	3	4	3	1	0	0	0	0	6	6
214	24	2	12	17	19	1	0	0	0	0	1	0	5	0	2	2	2	5	1	1	0	0	0	0	0	0
215	23	1	11	15	10	1	0	0	0	0	1	0	1	1	3	3	3	5	1	1	7	4	4	4	5.5	7
216	21	2	10	16	40	1	0	0	0	0	1	0	5	1	2	2	1	5	2	1	0	0	0	0	0	0
217	19	2	11	15	62	1	0	0	0	0	1	0	1	1	2	3	2	5	3	1	0	0	0	0	1	1
218	20	2	10	15	40	1	1	0	0	0	0	0	1	1	1	1	1	1	2	1	10	4	5	4	6	6
219	29	1	12	17	19	1	0	0	0	0	1	0	5	1	1	1	1	5	1	1	30	16.5	16.5	17	18.5	19
220	26	1	11	16	40	1	0	0	0	0	1	0	1	1	1	1	1	5	2	1	4	2	2	2	3	3
221	20	2	10	15	7	1	0	0	0	0	1	0	5	0	3	4	2	5	1	1	12	6.83333	6.83333	8	8.833333333	10
222	18	2	10	16	40	1	0	0	0	0	1	0	5	0	3	2	2	5	2	1	12	6	6	6	9	9
223	32	1	12	18	40	1	0	0	0	0	1	0	1	0	2	1	1	5	2	2	12	6	6	6	9	9
224	23	1	12	16	20	1	0	0	0	0	1	0	5	1	3	2	2	5	1	1	20	9	10	9	14	14
225	23	1	10	14	20	1	0	0	0	0	1	0	5	1	3	2	1	5	1	1	2	1	1	1	1	1
226	20	1	10	15	40	1	0	0	0	0	1	0	5	7	2	1	3	5	2	1	2	1	1	1	1	1
227	20	2	10	15	7	1	0	0	1	0	0	0	5	1	1	2	1	3	1	1	108	68.8333	69.2	80	109.7	130
228	20	2	11	17	40	0	0	0	0	1	0	0	4	0	2	3	3	4	2	1	0	0	0	0	6.666666667	8
229	20	2	12	17	40	0	0	0	0	1	0	0	4	0	1	3	2	4	2	1	0	0	0	0	5	5
230	22	2	11	16	40	1	0	0	0	0	1	0	5	1	1	2	1	5	2	1	20	9.33333	9.33333	10	12.33333333	13
231	23	2	11	16	95	0	1	0	0	1	0	1	1	1	2	2	2	6	3	1	0	0	0	0	0	0
232	30	1	11	16	35	0	1	0	0	0	0	0	1	7	2	3	3	1	1	2	0	0	0	0	0	0
233	20	1	11	15	60	0	0	0	0	1	0	0	4	1	1	3	2	4	3	1	28	18.75	13.4167	21	32.11666667	38
234	21	1	10	14	80	0	0	1	0	0	0	0	2	1	3	4	2	2	3	1	0	0	0	0	3	4
235	25	2	10	15	56	0	0	0	0	1	0	0	4	1	1	2	2	4	3	1	0	1	0	1	1	1
236	25	1	12	17	30	0	0	0	0	1	0	0	4	0	2	3	3	4	1	1	0	0	0	0	1.5	2
237	22	1	12	17	79	0	1	0	0	0	0	0	1	1	2	4	3	1	3	1	0	0	0	0	0	0
238	21	1	12	19	40	1	0	0	0	0	1	0	5	0	4	1	2	5	2	1	3	0	4	0	10	10
239	18	2	12	16	40	0	0	0	0	1	0	0	4	1	3	3	2	4	2	1	18	10	10	10	49	50
241	22	1	12	17	40	0	0	0	0	1	0	0	4	0	3	2	3	4	2	1	0	0	0	0	0	0
242	19	2	11	16	24	1	0	0	0	0	1	0	5	1	1	2	2	5	1	1	14	6.5	6.5	7	9.5	10
244	22	1	11	16	40	1	1	0	0	0	0	0	1	0	2	1	3	1	2	1	2	1	1	1	1	1
245	29	2	10	14	32	1	0	0	0	0	1	0	5	7	3	2	1	5	1	1	0	0	0	0	0	0
246	21	1	11	15	55	0	0	1	0	0	0	0	2	1	3	2	2	2	3	1	0	0	0	0	0	0
247	34	1	12	17	45	1	1	0	0	0	0	0	1	1	2	2	2	1	3	2	0	0	0	0	0.333333333	1
248	22	1	12	17	55	0	0	1	0	0	0	0	2	1	1	1	1	2	3	1	0	0	0	0	0	0
249	19	1	12	16	40	0	0	0	0	1	0	0	4	1	4	3	2	4	2	1	8	3	3	4	8.333333333	11
250	21	1	12	16	40	0	0	0	0	1	0	0	4	0	2	1	2	4	2	1	42	20.5	20.5	22	56.08333333	67
251	28	1	11	16	40	1	1	0	0	0	0	0	1	1	3	4	1	1	2	1	24	15	12	17	30.5	33
252	21	1	11	15	30	0	1	0	0	0	0	0	1	1	3	3	3	1	1	1	0	0	0	0	0.5	1
254	22	2	12	16	28	0	0	0	0	1	0	0	4	1	2	3	3	4	1	1	0	0	0	0	2.5	3
255	30	2	10	15	40	0	0	0	0	1	0	0	4	1	4	5	2	4	2	2	0	0	0	0	1	1
256	22	1	12	17	40	1	1	0	0	0	0	0	1	1	1	1	1	1	2	1	2	0	1	0	1	1
257	20	2	11	15	28	0	0	0	0	1	0	0	4	0	4	2	1	4	1	1	10	7	7	7	9	9
258	18	2	11	16	40	0	0	1	0	0	0	0	2	1	1	2	2	2	2	1	14	7	7	7	10	10
259	31	2	11	16	50	0	0	1	0	0	0	0	2	1	3	2	2	2	3	2	3	2	2	2	3	3
260	30	1	11	16	40	0	0	0	0	1	0	0	4	1	2	3	3	4	2	2	0	0	0	0	1	1
261	23	2	12	16	60	0	0	1	0	0	0	0	2	1	1	1	1	2	3	1	0	0	0	0	6	6
262	21	2	10	14	40	1	0	1	0	0	0	0	5	7	1	2	2	2	2	1	4	0	2	0	3	3
264	30	1	12	17	30	0	0	1	0	0	0	0	2	1	2	4	1	2	1	2	13	0	10	0	20	20
265	18	2	12	16	50	0	0	1	0	0	0	0	2	1	2	2	1	2	3	1	0	0	0	0	1	1
266	21	2	11	15	50	0	0	1	0	0	0	0	2	1	1	3	3	2	3	1	0	0	0	0	13.5	14
267	27	2	10	14	37	1	0	0	0	0	1	0	5	1	2	4	2	5	2	1	8	4	4	4	5	5
268	24	2	10	15	40	1	0	0	0	0	1	0	5	1	2	2	3	5	2	1	10	6.5	6.5	7	7.5	8
269	25	2	12	18	40	1	0	0	0	0	1	0	5	0	1	3	3	5	2	1	5	4.5	4.5	5	8.5	9
270	33	2	10	14	60	0	0	0	0	1	0	0	4	0	2	2	1	4	3	2	0	0	0	0	0	0
271	18	2	12	17	40	1	0	0	0	0	1	0	5	1	3	1	1	5	2	1	1	1	1	1	1	1
272	23	2	12	17	40	1	1	0	0	0	0	0	1	7	2	2	2	1	2	1	2	1	1	1	2	2
273	29	1	12	17	40	0	0	0	0	1	0	0	4	1	3	2	2	4	2	1	1	1	1	1	2	2
274	19	2	11	14	40	1	0	0	0	0	1	0	5	1	1	2	2	5	2	1	0	0	0	0	2	2
275	31	2	11	16	40	1	1	0	0	0	0	0	1	7	3	2	2	1	2	2	0	0	0	0	0	0
276	21	1	10	15	40	0	0	0	0	1	0	0	4	7	3	2	1	4	2	1	0	0	0	0	2.5	3
277	20	2	11	15	40	0	0	0	0	1	0	0	4	0	1	1	1	4	2	1	0	0	0	0	8.5	9
278	30	1	10	15	72	1	0	0	0	0	1	0	1	1	3	1	2	5	3	2	6	3	3	3	6	6
279	24	1	11	16	40	0	0	0	0	1	0	0	4	0	1	1	1	4	2	1	0	0	0	0	0	0
280	27	2	12	17	40	1	0	0	0	0	1	0	5	1	3	4	2	5	2	1	27	13	16	15	25	29
281	22	2	12	17	27	0	0	0	0	1	0	0	4	0	1	2	1	4	1	1	0	0	0	0	18.7	31
282	42	1	11	16	40	1	0	0	0	0	1	0	5	1	3	2	2	5	2	2	2	1	1	1	2	2
283	23	2	10	15	40	0	1	0	0	0	0	0	1	7	3	4	3	1	2	1	9	5	6	5	6	6
284	19	2	12	17	40	0	0	1	0	0	0	0	2	1	1	2	2	2	2	1	10	0	7	0	16	17
285	29	1	11	15	40	1	0	0	1	0	0	0	1	1	4	1	4	3	2	1	0	0	0	0	0	0
286	39	1	11	16	25	0	0	0	0	1	0	0	4	1	4	4	2	4	1	2	0	1	0	1	1	1
287	21	1	11	16	15	1	1	0	0	0	0	0	1	1	1	1	1	1	1	1	0	0	0	0	0	0
288	19	1	10	14	40	1	1	0	0	0	0	0	1	0	3	3	3	1	2	1	4	3	3	3	3	3
290	20	1	10	15	30	0	0	1	0	0	0	0	2	1	2	2	1	2	1	1	0	0	0	0	1	1
291	18	2	12	16	30	0	0	1	0	0	0	0	2	1	2	3	2	2	1	1	1	0	1	0	2	2
293	19	1	12	17	38	0	0	0	0	1	0	0	4	0	3	3	2	4	2	1	0	0	0	0	0	0
294	21	2	11	15	20	1	1	0	0	0	0	0	1	1	3	4	3	1	1	1	50	15	22.3333	16	37.33333333	41
295	22	1	11	16	40	0	0	1	0	0	0	0	2	1	3	3	2	2	2	1	0	0	0	0	6.5	7
297	20	1	11	16	70	0	0	1	0	0	0	0	2	1	2	2	2	2	3	1	0	0	0	0	5	5
298	23	2	11	16	40	0	0	1	0	0	0	0	2	1	4	3	2	2	2	1	0	0	0	0	16.5	18
299	29	1	10	16	40	1	1	0	0	0	0	0	1	7	2	2	1	1	2	1	2	1	1	1	1	1
300	24	2	10	14	84	1	1	0	0	0	0	0	1	1	1	2	1	1	3	1	12	6	6	6	9	9
301	22	2	12	16	7	0	0	0	0	1	0	0	4	0	1	2	2	4	1	1	10	0	5.33333	0	16.03333333	19
302	22	2	11	16	40	0	0	0	0	1	1	1	4	0	2	1	1	6	2	1	73	37.5	43.3333	38	50.83333333	52
303	24	1	10	15	90	0	1	0	0	0	0	0	1	1	1	1	2	1	3	1	4	4	2	4	7.5	8
304	28	1	12	16	40	0	0	1	0	0	0	0	2	7	2	1	2	2	2	1	0	0	0	0	1	1
306	24	1	11	16	25	0	0	0	0	1	0	0	4	1	1	2	2	4	1	1	0	0	0	0	38.41666667	61
308	23	2	12	17	50	0	0	1	0	0	0	0	2	1	1	1	1	2	3	1	0	0	0	0	0	0
309	24	1	10	15	35	1	1	0	0	0	1	1	1	7	3	2	3	6	1	1	10	6	6	7	10	11
310	22	2	11	16	45	0	0	1	0	0	0	0	2	7	3	2	3	2	3	1	0	0	0	0	3	3
311	22	2	11	17	40	1	0	0	0	1	1	1	4	1	3	4	3	6	2	1	5	2.5	2.5	3	5.5	6
313	28	1	12	17	40	0	0	0	0	1	0	0	4	1	1	1	1	4	2	1	17	11	11	11	13.5	14
314	24	2	12	16	60	0	0	0	0	1	0	0	4	7	2	3	3	4	3	1	3	2	2	2	7	8
315	32	1	10	15	50	0	0	0	0	1	0	0	4	1	3	3	4	4	3	2	0	0	0	0	1	1
317	28	1	10	15	40	0	0	0	0	1	0	0	4	1	2	1	1	4	2	1	33	27	19	28	32.5	34
318	20	1	12	17	45	1	0	0	0	1	1	1	4	1	2	1	2	6	3	1	13	7.5	7.5	8	12.5	13
319	24	2	11	15	47	0	0	0	0	1	0	0	4	7	4	4	2	4	3	1	0	0	0	0	3.5	4
321	21	2	10	15	40	0	0	1	0	0	0	0	2	1	1	1	1	2	2	1	0	0	0	0	3	3
322	23	2	10	14	94	1	1	0	0	0	1	1	5	1	3	1	2	6	3	1	15	8.5	9.5	9	11.5	12
324	27	2	12	16	35	0	1	0	0	0	0	0	1	7	1	2	2	1	1	1	3	1.5	1.5	2	2.5	3
328	21	2	10	15	40	1	0	0	0	0	1	0	5	1	2	2	2	5	2	1	19	11.3333	11.8333	14	13.66666667	17
329	25	1	11	16	25	1	0	0	0	0	1	0	1	0	2	1	1	5	1	1	18	6.08333	6.11667	10	13.95	23
330	19	2	11	16	40	0	0	0	0	1	0	0	4	7	2	2	2	4	2	1	0	1.33333	0	3	4.166666667	8
331	29	2	11	15	42	1	0	0	0	0	1	0	1	1	2	1	3	5	3	1	8	0	4	0	5	5
332	25	1	12	17	35	1	1	0	0	0	0	0	1	1	2	2	2	1	1	1	10	5	5	5	7	7
333	17	2	10	14	40	1	1	0	0	0	0	0	1	7	3	2	2	1	2	1	2	2	2	2	3	3
335	21	1	12	17	55	0	0	0	0	1	0	0	4	0	1	1	1	4	3	1	0	0	0	0	8.75	16
336	24	2	11	15	30	0	0	1	0	0	0	0	2	1	1	2	2	2	1	1	2	0	4	0	9.5	10
337	20	2	11	16	85	0	0	1	0	0	0	0	2	1	3	3	3	2	3	1	0	0	0	0	1	1
339	20	1	12	17	24	0	0	0	0	1	0	0	4	0	1	1	1	4	1	1	0	0	0	0	2	2
340	24	2	10	15	45	0	0	1	0	0	0	0	2	1	1	3	2	2	3	1	0	0	0	0	5	5
341	25	2	10	15	4	1	0	0	0	1	0	0	4	1	3	5	3	4	1	1	1	0	1.5	0	2.5	3
342	24	1	10	16	50	0	0	1	0	0	0	0	2	1	3	3	2	2	3	1	3	2	2	2	3	3
343	19	2	12	15	45	0	0	1	0	0	0	0	2	1	1	2	2	2	3	1	4	2	2	2	3	3
344	24	2	11	14	45	0	0	1	0	0	0	0	2	1	1	1	1	2	3	1	0	0	0	0	0	0
345	20	2	10	14	40	0	0	1	0	0	0	0	2	7	3	1	2	2	2	1	13	5.33333	6.33333	7	6.833333333	9
346	22	2	11	15	40	1	0	0	0	0	1	0	1	1	2	4	2	5	2	1	0	0	0	0	0.333333333	1
347	18	1	10	15	60	0	0	1	0	1	0	1	2	7	3	2	2	6	3	1	0	0	0	0	0	0
348	21	2	12	16	20	0	0	0	0	1	0	0	4	0	2	4	3	4	1	1	0	0	0	0	0.5	2
349	21	1	10	15	40	0	0	0	0	1	0	0	4	1	2	1	1	4	2	1	0	0	0	0	10.25	19
350	20	1	11	16	30	1	0	0	0	0	1	0	1	1	4	4	3	5	1	1	8	3.5	3.5	4	6	7
352	29	2	12	16	60	0	0	1	0	1	0	1	2	7	4	2	1	6	3	1	2	0	3	0	9	9
353	23	1	10	15	40	1	0	0	0	0	1	0	5	7	2	2	2	5	2	1	3	0	2	0	2	2
354	20	1	11	16	40	0	0	0	0	1	0	0	4	0	1	2	2	4	2	1	6	3	3	3	3	3
355	21	2	12	17	7	0	0	0	0	1	0	0	4	0	1	1	1	4	1	1	29	19.5	21.5	22	25	28
356	20	2	10	15	40	1	0	0	0	0	1	0	5	7	3	2	2	5	2	1	58	44.5	41	45	54.5	55
357	23	1	12	18	100	0	0	1	0	0	0	0	2	0	1	2	2	2	3	1	51	32.5	34	35	41.5	45
358	20	1	11	16	45	0	0	0	0	1	0	0	4	0	4	2	2	4	3	1	91	53	52.5	53	85.75	89
359	20	1	11	16	30	0	0	1	0	0	0	0	2	0	2	1	2	2	1	1	14	6	13.3333	6	19.33333333	20
360	32	1	11	15	29	0	0	0	0	1	0	0	4	7	4	2	2	4	1	2	37	28.5	19.5	30	33	35
361	22	2	10	14	19	1	0	0	0	0	1	0	5	1	3	2	2	5	1	1	0	0	0	0	0	0
366	23	2	11	15	40	0	0	0	0	1	0	0	4	7	3	3	2	4	2	1	8	5	5	5	12.5	13
367	26	2	11	16	36	0	0	0	0	1	0	0	4	0	2	1	2	4	2	1	2	0	0.25	0	0.25	1
368	21	1	11	15	36	0	1	0	0	1	0	1	1	1	1	2	2	6	2	1	6	3.5	3.5	4	4.5	5
369	25	1	11	16	60	0	0	1	0	0	0	0	2	7	2	1	2	2	3	1	0	0	0	0	0	0
370	19	2	11	16	40	1	0	0	0	0	1	0	5	1	2	1	1	5	2	1	9	5.5	5.5	6	7	8
371	19	2	12	16	35	0	0	0	0	1	0	0	4	1	2	1	2	4	1	1	0	0	0	0	5	10
372	20	2	10	15	40	1	1	0	0	0	0	0	1	0	3	2	3	1	2	1	26	9	12.3333	9	37.5	41
374	26	2	12	17	40	1	0	0	0	1	1	1	5	1	4	4	4	6	2	1	0	0	0	0	0	0
375	22	1	10	16	40	1	1	0	0	0	0	0	1	1	4	2	2	1	2	1	20	11.5	11.8333	13	17.33333333	20
376	17	2	10	14	20	1	1	0	0	0	0	0	1	1	1	3	2	1	1	1	8	3.5	2.33333	5	3.833333333	6
377	21	1	12	16	35	1	0	0	0	0	1	0	1	1	2	2	3	5	1	1	30	15	24	16	31	32
378	31	1	10	14	35	1	1	0	1	1	1	1	1	1	3	1	1	6	1	2	3	2	2	2	2	2
379	23	1	10	15	40	1	1	0	0	0	0	0	1	0	3	2	2	1	2	1	0	0	0	0	1	1
380	18	1	10	14	40	1	0	0	0	0	1	0	5	1	2	1	1	5	2	1	9	4	4.5	5	6.5	8
381	34	1	11	17	90	1	1	0	0	0	0	0	1	1	3	4	2	1	3	2	2	1	1	1	1	1
382	29	2	12	16	22	0	0	0	0	1	0	0	4	1	5	2	1	4	1	1	17	8	8	9	31.25	39
383	27	1	10	15	40	0	0	0	0	1	0	0	4	7	3	3	3	4	2	1	11	6	6	6	15	15
384	43	1	11	17	40	0	0	0	0	1	0	0	4	7	4	2	2	4	2	2	36	17.5	18	18	26.5	27
385	29	2	12	17	40	0	0	0	0	1	0	0	4	7	4	4	2	4	2	1	0	0	0	0	11.5	12
386	29	1	11	16	40	0	0	0	0	1	0	0	4	1	1	2	2	4	2	1	0	0	0	0	34.83333333	39
387	24	1	10	15	40	0	0	0	0	1	0	0	4	0	3	2	2	4	2	1	4	6	6	6	12.83333333	16
388	24	2	10	14	40	0	0	0	0	1	0	0	4	1	3	3	1	4	2	1	8	4	3.5	4	15.83333333	17
389	18	2	10	16	10	0	0	0	0	1	0	0	4	0	2	2	2	4	1	1	8	3.5	3.5	4	13	15
390	22	2	11	16	40	0	0	1	0	0	0	0	2	1	1	1	2	2	2	1	2	0	1	0	1	1
391	23	2	10	16	40	0	1	0	0	0	0	0	1	1	3	4	1	1	2	1	8	3.33333	3.33333	4	3.333333333	4
393	31	1	12	17	28	1	0	0	0	0	1	0	1	1	4	2	2	5	1	2	0	0	0	0	1	1
394	24	2	10	14	40	1	1	0	0	0	0	0	1	0	2	3	2	1	2	1	4	1.5	1.5	2	2.5	3
395	35	2	12	17	40	1	0	0	0	0	1	0	5	1	3	2	2	5	2	2	8	7.5	7	9	9.5	11
396	27	2	11	15	30	1	1	0	0	0	0	0	1	1	2	1	1	1	1	1	0	0	0	0	1	1
397	19	1	10	15	40	1	0	0	0	0	1	0	5	0	3	2	2	5	2	1	0	0	0	0	1	1
398	38	2	11	17	20	1	0	0	0	0	1	0	5	1	1	3	2	5	1	2	9	5	6	5	6	6
399	21	2	11	15	40	1	1	0	0	0	0	0	1	1	2	1	2	1	2	1	5	3	3	4	6	7
402	32	1	11	16	35	1	0	1	0	0	0	0	5	1	2	4	3	2	1	2	16	8	14	8	30.33333333	33
403	19	2	10	14	40	0	0	0	0	1	0	0	4	0	2	3	3	4	2	1	4	4	4	5	13.75	16
404	26	1	12	16	50	0	0	0	0	0	1	0	4	0	1	2	2	5	3	1	0	0	0	0	1	1
405	25	1	12	17	35	1	0	1	1	0	1	1	5	1	2	1	2	6	1	1	9	5	8	5	13	14
406	27	1	11	16	100	0	0	0	0	1	0	0	4	0	2	4	1	4	3	1	0	4.5	0	5	12	13
407	21	2	10	14	40	0	0	1	0	0	0	0	2	1	1	1	1	2	2	1	0	0	0	0	0	0
408	24	1	11	16	40	0	0	0	0	1	0	0	4	0	3	2	3	4	2	1	0	0	0	0	0	0
410	33	1	12	17	30	1	1	0	0	0	0	0	1	0	1	1	1	1	1	2	17	9.5	9.5	10	15	16
411	35	1	11	16	21	0	0	0	0	1	0	0	4	1	2	1	1	4	1	2	0	0	0	0	4.5	5
412	21	2	11	16	100	0	0	0	0	1	0	0	4	1	2	2	2	4	3	1	9	0	3.16667	0	13.16666667	17
413	23	2	12	16	40	1	1	0	0	0	0	0	1	0	3	2	2	1	2	1	0	0	0	0	0	0
414	25	1	11	16	70	1	0	0	0	0	1	0	5	7	2	1	3	5	3	1	4	1.5	1.5	2	1.5	2
416	24	1	10	15	40	0	0	0	0	1	0	0	4	1	3	3	3	4	2	1	0	0	0	0	1	1
418	21	1	12	16	40	0	0	1	0	0	0	0	2	1	2	2	1	2	2	1	0	0	0	0	14.83333333	17
419	24	2	12	17	40	0	0	0	0	1	0	0	4	0	2	3	2	4	2	1	0	0	0	0	4.5	5
420	21	2	12	17	20	1	0	0	0	0	1	0	5	7	3	2	3	5	1	1	4	0.2	0.4	1	0.4	2
421	25	1	12	17	50	0	0	0	0	1	0	0	4	1	4	1	1	4	3	1	0	0	0	0	0.5	1
422	19	1	11	16	35	0	1	1	1	0	0	1	2	1	3	1	1	6	1	1	10	5	5	5	5	5
423	24	1	12	17	40	0	0	0	0	1	0	0	4	0	3	3	3	4	2	1	0	0	0	0	0.333333333	1
424	18	1	10	15	40	0	0	0	0	1	0	0	4	0	3	2	2	4	2	1	0	0	0	0	1.5	2
425	19	1	12	17	35	0	0	1	1	0	0	1	2	1	2	1	1	6	1	1	0	0	0	0	3	3
426	23	1	10	15	40	1	1	0	0	0	0	0	1	0	2	2	2	1	2	1	30	19.3333	19.5	20	38.16666667	42
427	21	1	11	16	38	0	0	0	0	1	0	0	4	7	4	2	2	4	2	1	42	13	18.0833	14	35.08333333	41
429	22	2	11	16	60	1	1	0	0	0	0	0	1	1	2	4	3	1	3	1	22	10.5	12.5	11	13.5	14
430	29	1	10	15	75	0	0	0	0	1	0	0	4	1	3	3	3	4	3	1	3	4	5	4	6	6
431	20	1	12	17	40	0	0	0	0	1	0	0	4	0	4	2	2	4	2	1	0	0	0	0	0	0
432	31	2	10	14	38	0	1	0	0	0	0	0	1	7	3	5	3	1	2	2	38	15	21	17	29.5	32
433	34	1	11	16	40	0	0	1	0	1	0	1	4	1	3	4	4	6	2	2	0	0	0	0	0	0
434	21	2	12	16	20	0	0	0	1	0	0	0	2	1	1	1	1	3	1	1	0	0	0	0	0	0
435	20	2	11	16	40	0	0	0	0	1	0	0	4	0	3	2	2	4	2	1	0	0	0	0	1	1
437	21	1	10	15	38	0	1	0	0	0	0	0	1	7	1	1	1	1	2	1	8	5	6	5	9	9
438	20	1	10	15	51	0	0	1	0	0	0	0	2	1	1	1	1	2	3	1	7	3.5	3.5	4	8.833333333	11
440	20	2	10	15	50	0	0	1	0	0	0	0	2	1	4	4	2	2	3	1	0	0	0	0	0	0
442	20	2	10	15	41	0	1	0	0	0	0	0	1	1	3	4	3	1	3	1	1	1	1	1	2	2
443	21	2	12	16	18	0	0	1	0	0	0	0	2	1	1	2	2	2	1	1	0	0	0	0	2	2
444	22	1	12	16	36	0	0	1	0	0	0	0	2	1	2	1	2	2	2	1	0	0	0	0	1	1
445	23	1	11	17	30	0	0	1	0	0	0	0	2	1	1	2	2	2	1	1	0	0	0	0	3	3
447	19	2	10	14	40	0	0	1	0	0	0	0	2	7	1	2	2	2	2	1	0	0	0	0	0	0
448	18	2	10	14	40	0	0	1	0	0	0	0	2	1	3	5	1	2	2	1	0	0	0	0	3	3
449	25	1	12	17	53	0	0	1	0	0	0	0	2	7	2	1	2	2	3	1	6	4	4	4	7.5	8
450	18	2	10	14	16	0	0	0	0	1	0	0	4	0	2	1	2	4	1	1	7	4	4	4	8	8
452	21	1	10	16	62	0	0	0	0	1	0	0	4	0	2	4	2	4	3	1	0	2	0	2	7.5	8
453	27	2	10	14	28	0	1	0	0	0	0	0	1	7	3	2	3	1	1	1	4	3	3	3	3	3
455	26	2	12	17	40	1	0	0	1	0	0	0	3	1	3	3	2	3	2	1	16	9.5	9.5	10	17	18
456	27	1	10	14	0	1	0	0	0	0	1	0	5	7	4	1	4	5	1	1	4	1	1.5	2	1.5	3
457	21	2	11	18	40	0	0	0	0	1	0	0	4	7	3	1	3	4	2	1	0	0	0	0	3	3
458	20	2	11	15	19	0	0	0	0	1	0	0	4	0	3	3	2	4	1	1	0	3.5	0	5	15.16666667	19
459	31	1	12	17	36	1	0	0	0	0	1	0	5	1	2	1	1	5	2	2	6	2.83333	2.83333	4	4.833333333	6
460	20	1	10	15	90	0	0	1	1	0	0	1	2	7	1	2	2	6	3	1	2	1	1	1	1	1
461	29	2	10	15	27	0	1	0	0	0	0	0	1	1	3	3	1	1	1	1	4	3	2	3	3	3
462	20	2	12	16	40	0	0	0	0	0	1	0	5	1	1	2	2	5	2	1	0	0	0	0	2.5	3
463	31	1	12	16	90	0	0	0	0	1	0	0	4	1	3	2	2	4	3	2	10	5	5	5	7	7
464	25	1	11	16	24	0	0	0	0	1	0	0	3	0	1	4	3	4	1	1	0	0	0	0	0	0
465	33	2	12	17	40	1	0	0	0	0	1	0	5	1	3	4	3	5	2	2	0	0	0	0	1	1
466	21	2	11	16	40	0	0	0	0	1	0	0	4	0	4	2	2	4	2	1	0	0	0	0	0	0
467	21	2	12	17	24	0	0	0	0	1	0	0	4	0	4	4	3	4	1	1	12	0	7.5	0	29.66666667	32
468	17	2	11	16	40	1	1	0	0	0	0	0	1	1	1	3	2	1	2	1	0	0	0	0	3	3
469	29	2	11	16	25	1	0	0	1	0	0	0	1	1	3	2	1	3	1	1	5	3	2.5	3	4.5	5
470	30	1	11	15	40	0	0	0	0	1	0	0	4	0	2	1	1	4	2	2	0	4	0	4	7	7
471	23	2	12	16	40	0	0	0	0	1	0	0	4	1	2	2	3	4	2	1	11	6	6	6	12.58333333	15
473	22	2	10	14	65	0	0	1	0	0	0	0	2	7	3	1	1	2	3	1	9	0	5	0	14	14
474	25	1	12	17	40	1	0	0	0	0	1	0	5	0	2	2	2	5	2	1	0	0	0	0	1	1
476	21	2	10	15	62	1	0	0	1	0	0	0	5	1	3	1	3	3	3	1	4	5.5	5.5	7	8	10
477	24	1	12	17	75	0	0	0	0	1	0	0	4	1	2	2	2	4	3	1	0	0	0	0	19.25	25
478	21	1	10	15	40	1	1	0	0	0	0	0	1	1	2	3	3	1	2	1	6	8	7	8	10	10
479	31	2	10	14	40	0	0	0	0	1	0	0	4	7	3	2	2	4	2	2	2	3.5	3	4	3.5	4
481	24	2	10	15	13	0	0	1	0	0	0	0	2	1	1	4	2	2	1	1	1	2	2	2	2	2
483	30	2	11	15	40	0	0	0	0	1	0	0	4	7	4	4	1	4	2	2	5	2.5	4	3	7.5	8
484	25	1	10	16	40	1	1	0	0	0	1	1	1	1	4	2	2	6	2	1	0	0	0	0	0	0
485	22	1	10	14	12	0	0	1	0	0	0	0	2	1	3	1	2	2	1	1	0	0	0	0	0.5	1
486	34	2	11	15	18	0	0	1	0	1	0	1	2	7	2	3	2	6	1	2	0	0	0	0	0	0
487	25	2	11	16	40	0	1	0	1	0	0	1	1	1	3	1	2	6	2	1	0	0	0	0	1	1
488	18	1	11	16	40	0	0	1	0	0	0	0	2	1	1	1	1	2	2	1	1	1	1	1	1	1
489	18	2	12	17	40	0	0	0	0	1	0	0	4	0	3	2	2	4	2	1	0	0	0	0	1	2
490	23	1	11	15	42	1	0	0	0	0	1	0	5	1	1	1	2	5	3	1	17	7.33333	8.25	8	15.58333333	17
491	22	2	10	16	40	1	1	0	0	0	0	0	1	1	1	2	2	1	2	1	0	0	0	0	1	1
492	18	1	10	15	54	0	1	0	0	0	0	0	1	1	2	2	3	1	3	1	0	0	0	0	2	2
493	19	2	11	16	40	1	0	1	0	0	0	0	2	1	3	1	1	2	2	1	0	0.333333	0	1	0.333333333	1
494	24	1	12	17	50	0	0	0	0	1	0	0	4	0	1	2	2	4	3	1	5	8.25	8.25	9	29.58333333	37
495	23	1	10	15	60	0	0	1	0	0	0	0	2	1	2	2	2	2	3	1	0	0	0	0	1	1
496	21	1	12	17	25	0	0	1	0	0	0	0	2	1	1	4	3	2	1	1	0	0	0	0	1	1
497	22	1	11	18	27	0	1	0	0	1	0	1	1	1	3	2	2	6	1	1	0	0	0	0	2	2
498	23	2	11	16	40	0	0	1	0	0	0	0	2	7	3	2	2	2	2	1	0	0	0	0	0	0
499	27	2	12	16	35	1	0	0	0	0	1	0	5	1	2	2	2	5	1	1	2	1	2	1	3	3
500	28	1	11	16	57	0	0	0	0	1	0	0	4	1	2	1	1	4	3	1	0	0	0	0	5.5	6
501	20	1	10	15	11	1	1	0	0	0	0	0	1	0	1	2	2	1	1	1	0	0	0	0	0	0
502	24	1	10	14	75	0	0	0	0	1	0	0	4	1	3	2	2	4	3	1	1	1	1	1	1.5	2
503	24	1	11	15	40	0	0	0	0	1	0	0	4	7	4	2	2	4	2	1	0	4.5	0	5	9.5	12
504	34	1	12	17	40	1	0	0	0	0	1	0	5	0	3	3	1	5	2	2	49	34.5	38.5	35	45.83333333	48
505	24	2	11	16	40	1	0	0	0	0	1	0	5	1	1	2	2	5	2	1	3	1.5	1.5	2	2.5	3
506	26	1	12	17	40	1	0	0	0	0	1	0	5	1	2	2	2	5	2	1	4	0	2	0	3	3
507	31	1	10	15	65	0	0	0	0	1	0	0	4	7	3	4	2	4	3	2	0	0	0	0	9.7	14
508	22	1	10	14	80	0	0	1	0	0	0	0	2	1	2	2	2	2	3	1	12	5.5	6.5	6	9.5	10
509	23	2	11	15	10	0	0	1	0	0	0	0	2	1	2	2	2	2	1	1	0	0	0	0	5.866666667	8
511	17	2	11	15	31	0	0	1	0	0	0	0	2	7	2	3	3	2	1	1	1	1	1	1	1	1
512	21	1	10	15	60	0	0	0	0	1	0	0	4	0	2	4	2	4	3	1	0	0	0	0	12.16666667	17
513	25	2	11	16	40	0	0	0	0	1	0	0	4	0	2	1	1	4	2	1	0	0	0	0	4.5	6
514	21	1	10	14	75	0	0	1	0	0	0	0	2	7	3	2	2	2	3	1	0	0	0	0	0	0
515	18	2	12	17	31	0	0	1	0	0	0	0	2	1	2	2	2	2	1	1	0	0	0	0	0	0
516	23	1	11	16	40	0	0	0	0	1	0	0	4	7	2	2	1	4	2	1	0	0	0	0	0	0
517	21	2	12	16	40	0	0	0	0	1	0	0	4	1	2	2	2	4	2	1	0	0	0	0	0	0
518	21	2	12	17	30	0	0	0	0	1	0	0	4	1	4	4	2	4	1	1	0	0	0	0	1	1
519	22	1	12	17	81	0	0	0	0	1	0	0	4	0	2	1	2	4	3	1	12	0	5.33333	0	40.83333333	47
520	28	1	10	15	45	0	0	1	0	0	0	0	2	1	2	2	2	2	3	1	20	6	10.5	6	26.5	27
521	22	2	10	14	0	1	1	0	0	0	0	0	1	7	1	2	2	1	1	1	0	0	0	0	0	0
522	21	2	10	15	16	1	1	0	0	0	0	0	1	0	2	2	2	1	1	1	1	2	2	2	3	3
523	21	1	12	16	85	0	0	0	0	1	0	0	4	7	1	2	3	4	3	1	2	0.5	0.5	1	0.5	1
524	24	2	12	16	57	0	0	1	0	0	0	0	2	0	1	1	1	2	3	1	2	2.5	2.5	3	2.5	3
527	24	1	11	15	40	0	0	0	0	1	0	0	3	1	1	1	1	4	2	1	23	17	17	18	20.33333333	22
528	22	2	11	17	40	0	0	0	0	1	0	0	4	0	2	1	2	4	2	1	0	2.33333	0	4	6.833333333	10
529	19	2	10	15	40	0	0	0	0	1	0	0	4	7	2	2	2	4	2	1	0	0	0	0	2	2
530	20	2	10	15	60	0	1	0	0	1	0	1	4	0	2	1	2	6	3	1	0	3.83333	0	7	10.33333333	18
531	23	1	12	16	64	0	0	0	0	1	0	0	4	1	3	4	3	4	3	1	0	0	0	0	13	13
534	24	2	11	16	8	0	0	0	0	1	0	0	3	1	2	3	3	4	1	1	4	12	4.16667	17	32.25	49
535	22	2	11	14	20	1	0	0	1	0	0	0	3	0	4	2	2	3	1	1	0	0	0	0	0	0
536	27	1	11	16	24	1	1	0	0	0	0	0	1	1	2	2	2	1	1	1	0	0	0	0	0	0
537	30	1	12	18	60	0	0	0	0	1	0	0	4	1	1	3	2	4	3	2	0	0	0	0	0.333333333	1
539	27	1	10	14	40	0	0	1	0	0	0	0	2	1	1	2	2	2	2	1	3	2	2	2	3	3
540	24	1	10	15	40	0	0	1	0	0	0	0	2	1	2	1	1	2	2	1	3	0	2	0	3	3
541	25	1	11	16	57	0	0	0	0	1	0	0	4	0	2	2	2	4	3	1	0	0	0	0	13	14
542	29	2	10	14	24	1	0	0	0	0	1	0	5	7	2	1	1	5	1	1	7	5	5	5	9.833333333	11
543	26	2	11	16	20	1	0	0	0	0	1	0	5	1	2	3	2	5	1	1	0	0	0	0	5	5
544	19	1	10	15	40	0	0	0	0	1	0	0	1	0	2	1	2	4	2	1	0	0	0	0	11	12
545	21	2	12	17	40	1	0	0	0	0	1	0	5	1	1	1	1	5	2	1	0	2.5	2.5	3	5	6
546	23	2	12	17	40	1	0	0	0	0	1	0	5	1	2	1	3	5	2	1	2	1	1	1	1	1
547	19	2	12	16	40	0	0	0	0	1	0	0	4	1	3	3	3	4	2	1	2	2	2	2	2	2
548	22	1	12	16	40	0	0	0	0	1	0	0	5	0	3	3	3	4	2	1	0	0	0	0	0	0
550	20	1	11	16	42	0	0	0	0	1	0	0	4	0	1	2	3	4	3	1	0	0	0	0	6.833333333	10
551	23	2	11	15	40	1	0	0	0	0	1	0	5	1	1	2	1	5	2	1	2	1	1	1	3.333333333	4
553	20	1	11	18	8	1	1	0	0	0	1	1	1	1	2	2	3	6	1	1	2	1	1	1	1	1
554	18	1	11	16	20	0	0	0	0	1	0	0	4	0	3	2	2	4	1	1	0	0	0	0	17	19
555	21	1	10	15	40	1	0	0	0	0	1	0	5	1	2	1	2	5	2	1	23	11	13.5	13	18.5	23
556	23	2	12	16	40	1	0	0	0	0	1	0	5	1	1	3	3	5	2	1	2	0	1	0	1	1
557	18	2	11	17	69	0	0	0	0	1	0	0	5	1	2	2	2	4	3	1	2	1	1	1	2	2
558	22	1	10	16	15	1	1	0	0	0	0	0	1	0	3	1	1	1	1	1	0	0	0	0	0	0
559	38	1	11	16	27	1	1	0	0	0	0	0	1	1	1	1	1	1	1	2	0	0	0	0	0	0
560	29	1	11	16	35	1	0	0	1	0	0	0	1	1	2	1	1	3	1	1	2	2.33333	2	3	4.333333333	5
561	22	1	10	14	40	1	1	0	0	0	0	0	1	1	2	2	3	1	2	1	5	3.83333	2.83333	5	6.833333333	9
562	27	2	11	15	40	1	1	0	0	0	0	0	1	1	4	2	3	1	2	1	0	0	0	0	0	0
563	20	2	11	17	21	0	0	0	0	1	0	0	4	0	3	2	2	4	1	1	0	0	0	0	5.5	6
564	18	1	10	14	40	1	0	0	1	0	0	0	3	1	1	1	1	3	2	1	4	2.33333	2.33333	3	4.333333333	5
565	32	1	11	17	65	0	0	0	0	1	0	0	4	1	1	1	1	4	3	2	0	1	1	1	2.5	3
566	25	2	11	16	40	0	0	1	0	0	0	0	2	1	2	1	2	2	2	1	0	0	0	0	0	0
567	21	1	11	16	40	0	0	0	0	1	0	0	4	1	2	2	2	4	2	1	0	0	0	0	4.5	5
568	19	2	12	17	40	0	0	0	0	1	0	0	4	0	4	4	5	4	2	1	0	0	0	0	0	0
569	19	2	11	15	35	0	0	0	0	1	0	0	4	0	2	3	3	4	1	1	0	0	0	0	34.66666667	39
570	18	2	10	14	40	0	0	0	0	1	0	0	4	1	4	3	2	4	2	1	1	2	2	2	3	3
571	21	1	11	15	0	0	0	0	0	1	0	0	4	0	2	1	3	4	1	1	0	0	0	0	3	3
572	44	1	10	14	34	0	0	0	0	1	0	0	4	7	3	1	1	4	1	2	0	0	0	0	2	2
573	26	2	10	14	52	0	1	0	0	1	0	1	4	0	4	2	2	6	3	1	0	0	0	0	0	0
576	31	1	12	16	180	0	0	0	0	1	0	0	4	1	3	1	1	4	3	2	22	17	13	17	26.5	27
577	21	2	12	16	40	0	0	1	0	0	0	0	2	1	1	1	2	2	2	1	0	0	0	0	0	0
578	24	1	11	16	15	1	1	0	0	0	0	0	1	7	2	2	2	1	1	1	0	1	0	1	1	1
579	20	2	11	15	7	1	1	0	0	0	0	0	1	7	3	1	2	1	1	1	2	1	1	1	1	1
580	27	1	11	15	45	0	1	0	0	1	0	1	4	1	1	2	1	6	3	1	4	2	2	2	3	3
581	22	2	12	16	50	0	0	1	0	0	0	0	2	1	1	2	2	2	3	1	0	0	0	0	1	1
582	19	1	10	15	40	1	1	0	0	0	0	0	1	7	4	3	3	1	2	1	0	0	0	0	5	6
584	19	1	10	15	40	1	1	0	0	0	0	0	1	1	2	3	2	1	2	1	0	2	0	2	3	3
585	30	1	12	17	85	0	0	0	0	1	0	0	4	7	4	3	2	4	3	2	2	1.33333	1.33333	3	1.583333333	4
587	17	2	12	18	30	0	0	0	0	1	0	0	4	0	4	1	2	4	1	1	0	0	0	0	7.5	9
588	20	1	11	16	40	1	0	0	0	0	1	0	5	1	2	2	2	5	2	1	0	0	0	0	1	1
589	24	2	12	18	40	1	1	0	0	0	0	0	1	0	1	1	2	1	2	1	0	0	0	0	0	0
590	36	1	11	16	7	1	1	0	1	0	0	1	1	7	5	2	2	6	1	2	0	0	0	0	0	0
591	29	1	12	17	40	1	1	0	0	0	0	0	1	1	3	2	1	1	2	1	0	0	0	0	0	0
592	20	2	12	17	40	1	0	0	0	0	1	0	5	0	2	2	2	5	2	1	4	4	4	4	6	6
593	23	2	12	17	14	1	1	0	0	0	0	0	1	1	2	1	2	1	1	1	6	8	8	8	10	10
594	22	1	11	16	40	1	1	0	0	0	0	0	1	1	3	2	2	1	2	1	15	10.3333	10.3333	11	19.33333333	20
595	28	2	12	17	20	0	0	0	0	1	0	0	4	1	2	2	2	4	1	1	0	0	0	0	0	0
596	32	1	11	15	20	0	0	0	0	1	0	0	4	1	2	1	2	4	1	2	21	15	17	15	25	25
597	23	1	10	14	40	1	0	0	0	0	1	0	5	1	3	1	1	5	2	1	8	10	9.5	11	11.5	13
598	22	2	11	16	0	0	1	1	0	0	0	1	2	1	1	3	2	6	1	1	10	5	5	5	5	5
599	43	1	12	16	50	0	1	0	0	1	0	1	4	1	4	3	2	6	3	2	1	1	1	1	1	1
600	33	2	11	16	60	0	0	1	0	0	0	0	2	1	4	2	1	2	3	2	0	0	0	0	10	10
601	23	2	11	15	40	0	0	1	0	0	0	0	2	1	3	4	3	2	2	1	0	0	0	0	0	0
602	33	1	10	15	50	0	0	0	0	1	0	0	5	1	3	4	2	4	3	2	14	11	11	11	13.5	14
603	19	2	12	16	40	1	0	0	0	1	0	0	4	0	1	3	2	4	2	1	0	0	0	0	1	1
605	27	2	12	16	100	0	0	1	0	0	0	0	2	7	2	2	1	2	3	1	0	0	0	0	0	0
606	23	2	10	14	40	0	0	1	0	0	0	0	2	1	1	2	2	2	2	1	0	0	0	0	1	1
607	21	2	10	15	25	0	0	1	0	0	0	0	2	1	1	2	2	2	1	1	1	1	1	1	2	2
608	21	2	12	17	40	0	0	1	0	0	0	0	2	1	3	1	1	2	2	1	0	0	0	0	0	0
609	19	1	10	14	50	1	0	0	0	0	1	0	5	7	1	1	1	5	3	1	0	0	0	0	0	0
610	19	1	10	15	40	0	0	0	0	1	0	0	4	1	3	2	2	4	2	1	0	0	0	0	2.5	5
611	22	2	10	15	48	0	0	0	0	1	0	0	4	0	3	3	2	4	3	1	5	3.5	3.5	5	6.666666667	11
612	20	1	10	15	40	1	1	0	0	0	0	0	1	1	1	1	2	1	2	1	12	4	8	4	10	10
613	22	1	12	15	40	0	1	0	0	1	0	1	4	1	1	2	2	6	2	1	14	5	8.5	6	15.33333333	22
614	19	2	11	16	40	0	0	0	0	1	0	0	4	1	3	2	3	4	2	1	8	9	8	9	14.5	15
615	23	1	10	16	40	0	0	0	0	1	0	0	4	0	3	2	2	4	2	1	0	4	0	4	6	6
616	33	1	10	14	40	1	0	0	0	0	1	0	1	1	3	3	3	5	2	2	0	0	0	0	1	1
617	20	2	12	17	40	0	0	0	0	1	0	0	4	1	3	2	2	4	2	1	0	0	0	0	17	21
618	18	1	11	16	24	1	0	0	0	0	1	0	5	1	2	1	2	5	1	1	10	6	6	6	9	9
619	18	1	10	14	20	1	0	0	0	0	1	0	5	1	3	2	2	5	1	1	0	0	0	0	0	0
620	18	2	12	16	40	1	1	0	0	0	0	0	1	7	3	2	2	1	2	1	0	0	0	0	1	1
621	25	1	11	16	15	1	0	0	0	0	1	0	5	7	3	3	3	5	1	1	14	9	8	9	14.5	15
622	19	1	12	14	40	0	0	0	0	1	0	0	4	1	1	2	2	4	2	1	0	0	0	0	5.333333333	9
623	24	1	10	14	32	0	0	1	0	0	0	0	2	7	2	2	3	2	1	1	1	2	2	2	3	3
624	20	2	10	16	10	1	1	0	0	0	1	1	1	1	1	1	2	6	1	1	5	4	4	4	7.833333333	9
626	29	1	12	18	6	1	0	0	0	0	1	0	5	7	4	2	2	5	1	1	0	0	0	0	5	5
627	34	2	10	15	24	1	0	0	0	0	1	0	5	0	4	4	3	5	1	2	0	1	0	1	1	1
628	18	2	11	15	20	1	1	0	0	0	0	0	1	1	2	2	3	1	1	1	0	0	0	0	1	1
629	28	1	10	16	40	0	0	0	0	1	0	0	4	0	1	2	2	4	2	1	0	0	0	0	0	0
630	22	1	12	16	24	1	0	0	0	0	1	0	5	7	1	2	3	5	1	1	0	2	0	2	5	5
631	25	1	11	16	40	1	1	0	0	0	0	0	1	1	1	1	4	1	2	1	0	0	0	0	0	0
632	19	2	11	15	7	0	0	0	0	1	0	0	4	0	1	1	2	4	1	1	0	0	0	0	2	2
633	27	1	11	15	25	1	1	0	0	0	0	0	1	1	2	2	3	1	1	1	6	3	4	3	6	6
634	22	1	12	16	40	1	1	0	0	0	0	0	1	1	1	1	1	1	2	1	0	0	0	0	0	0
636	24	2	11	16	40	1	0	0	0	0	1	0	1	0	3	2	1	5	2	1	0	0	0	0	0	0
637	27	1	12	16	40	1	1	0	0	0	0	0	1	1	1	1	1	1	2	1	2	0	1	0	3.5	4
638	26	1	11	16	51	0	0	1	0	0	0	0	2	1	1	2	1	2	3	1	56	44	44	47	56	60
639	22	1	12	16	40	0	0	1	1	0	0	1	2	7	2	2	2	6	2	1	2	2	3	2	3	3
640	19	2	12	16	15	0	0	1	0	0	0	0	2	7	1	3	2	2	1	1	0	0	0	0	1	1
641	19	2	12	17	40	1	1	0	0	0	0	0	1	7	2	2	2	1	2	1	0	0	0	0	0	0
642	20	2	11	15	60	0	0	1	0	0	0	0	2	1	2	2	3	2	3	1	0	0	0	0	1.5	3
643	21	2	11	16	40	1	1	0	0	0	0	0	1	1	3	1	3	1	2	1	3	3	3	3	6	6
644	20	2	12	17	40	0	0	0	0	1	0	0	4	0	2	3	3	4	2	1	0	0	0	0	0	0
647	23	1	11	15	75	0	0	0	0	1	0	0	4	1	2	1	1	4	3	1	18	5	9	7	19.16666667	26
650	18	2	12	16	40	0	0	1	0	0	0	0	2	1	1	1	2	2	2	1	0	0	0	0	0	0
651	23	2	11	15	40	0	0	0	0	1	0	0	4	1	2	2	1	4	2	1	0	18.6667	0	21	58.25	68
655	31	1	10	15	17	1	0	0	0	0	1	0	5	7	2	3	1	5	1	2	1	0.5	0.5	1	0.5	1
656	22	1	11	16	40	0	0	1	0	0	0	0	2	1	3	1	1	2	2	1	15	9.5	9.5	10	12.5	13
658	31	1	10	15	30	1	1	0	0	0	1	1	1	7	2	1	5	6	1	2	18	9.5	9.5	10	13.5	14
659	21	2	10	14	18	1	0	0	0	0	1	0	5	1	3	4	2	5	1	1	0	3	4	3	6	6
660	23	1	11	15	50	1	0	0	0	0	1	0	1	1	2	2	2	5	3	1	6	4.33333	2.33333	5	6.666666667	9
661	20	1	11	16	30	1	1	0	0	0	0	0	1	1	2	1	1	1	1	1	5	3	3	3	4.5	5
662	23	2	11	17	6	1	1	0	0	0	0	0	1	1	4	4	3	1	1	1	9	5	6	5	7	9
663	28	1	12	17	40	1	0	0	0	0	1	0	1	7	3	3	2	5	2	1	20	2.45	5.23333	4	7.816666667	15
664	21	1	10	14	100	0	0	0	0	1	0	0	4	1	2	2	2	4	3	1	4	0.833333	0.833333	2	2.833333333	4
665	30	1	10	14	32	0	1	0	0	0	0	0	1	7	3	1	1	1	1	2	0	0	0	0	0	0
666	22	2	12	16	40	1	1	0	0	0	0	0	1	0	3	2	2	1	2	1	12	7.66667	8.33333	10	8.666666667	11
667	22	1	11	16	40	0	0	1	0	0	0	0	2	7	2	1	1	2	2	1	15	8	9	8	10	10
668	27	2	11	16	15	0	0	1	0	0	0	0	2	7	2	2	3	2	1	1	0	0	0	0	10	10
669	23	1	11	16	20	1	1	0	0	0	0	0	1	1	2	2	2	1	1	1	9	6	6	6	10	10
671	22	2	11	15	40	0	0	1	0	0	0	0	2	1	3	2	3	2	2	1	0	0	0	0	1	1
672	23	2	12	17	24	1	0	0	0	0	1	0	5	1	1	3	2	5	1	1	11	11	9	11	15	15
673	24	2	10	14	49	0	0	1	0	0	0	0	2	7	3	2	2	2	3	1	3	5	5	5	15	15
674	19	1	11	16	24	1	0	0	0	0	1	0	5	1	4	3	2	5	1	1	2	4	3	4	5	5
676	30	1	12	17	155	0	0	0	0	1	0	0	4	0	3	3	3	4	3	2	0	0	0	0	3	3
677	23	1	12	16	34	0	0	0	0	1	0	0	4	1	2	2	2	4	1	1	0	0	0	0	7.333333333	8
678	21	1	10	14	20	1	0	0	0	0	1	0	5	1	3	2	2	5	1	1	0	0	0	0	0	0
679	22	1	10	16	35	0	0	0	0	1	0	0	4	0	1	1	2	4	1	1	4	1	1	3	1.25	4
680	25	1	12	17	40	0	0	0	0	1	0	0	4	0	4	1	4	4	2	1	0	0	0	0	0.5	1
681	20	2	11	16	40	0	0	0	0	1	0	0	5	1	2	1	3	4	2	1	0	0	0	0	0.5	1
683	24	1	11	15	40	0	0	1	0	0	0	0	2	1	1	2	1	2	2	1	3	0	1.5	0	2.5	3
685	25	2	10	15	40	0	0	1	0	0	0	0	2	1	2	2	2	2	2	1	0	0	0	0	20	20
686	30	1	10	14	50	0	0	1	0	0	0	0	2	1	4	2	2	2	3	2	2	2	2	2	2	2
687	20	2	11	16	44	0	0	0	0	1	0	0	4	0	1	2	2	4	3	1	5	3	3	3	4.5	5
688	21	1	12	17	40	1	0	0	0	0	1	0	5	1	3	2	2	5	2	1	8	5	5	6	7.5	9
689	32	2	12	17	40	0	1	0	0	0	0	0	1	7	3	4	2	1	2	2	1	1	1	1	1	1
690	21	1	11	16	25	0	0	0	0	1	0	0	4	0	3	2	2	4	1	1	0	0	0	0	3.833333333	6
691	30	2	12	17	40	0	0	1	0	0	0	0	2	1	2	1	2	2	2	2	0	0	0	0	2	2
692	27	1	11	16	24	1	0	0	0	0	1	0	5	0	2	3	2	5	1	1	0	0	0	0	1	1
693	19	1	10	16	40	0	0	0	0	1	0	0	4	0	2	3	4	4	2	1	0	0	0	0	0	0
694	24	1	11	15	35	1	0	0	0	0	1	0	5	1	2	2	2	5	1	1	9	5.33333	5.33333	7	7.333333333	9
695	22	2	11	15	40	1	1	0	0	0	0	0	1	1	2	2	2	1	2	1	13	11	12	11	15	15
696	20	2	12	17	28	1	0	0	0	0	1	0	5	0	3	2	2	5	1	1	0	0	0	0	0	0
697	25	2	10	15	40	1	0	0	0	0	1	0	5	1	2	3	2	5	2	1	0	0	0	0	2	2
698	27	1	11	15	40	1	0	0	0	0	1	0	5	1	3	2	2	5	2	1	9	5	6	5	6	6
699	17	1	10	16	40	0	0	0	0	1	0	0	4	0	1	1	1	4	2	1	4	1	1	3	1.833333333	6
700	19	1	10	15	40	1	0	0	0	0	1	0	5	1	3	2	2	5	2	1	1	0	1	0	1	1
701	26	2	10	14	40	1	1	0	0	0	0	0	1	1	4	4	2	1	2	1	0	1	1	1	1	1
702	23	1	12	16	40	0	0	1	0	0	0	0	2	1	1	1	1	2	2	1	2	0	0.5	0	0.5	1
703	22	2	12	17	40	0	0	0	0	1	0	0	4	0	1	1	1	4	2	1	0	0	0	0	3	3
704	19	2	12	15	70	0	0	0	0	1	0	0	4	1	1	3	2	4	3	1	4	0	1.33333	0	3.333333333	4
705	33	1	10	15	40	0	0	0	0	1	0	0	4	1	3	3	2	4	2	2	0	0	0	0	4.5	5
707	22	1	11	16	36	0	0	0	0	1	0	0	4	0	2	1	2	4	2	1	0	0	0	0	6	9
708	19	1	10	15	50	0	0	0	0	1	0	0	4	0	3	2	2	4	3	1	0	0	0	0	1	1
710	23	2	12	16	36	0	0	0	0	1	0	0	4	1	1	1	1	4	2	1	10	7	7	7	10	10
711	22	1	12	17	6	0	0	0	0	1	0	0	4	0	2	2	1	4	1	1	0	0	0	0	7.5	10
712	21	2	11	16	40	0	0	0	0	1	0	0	4	0	2	2	2	4	2	1	31	18.6667	23.5833	24	32.08333333	44
713	29	1	10	14	40	0	0	0	0	1	0	0	5	1	2	2	2	4	2	1	0	0	0	0	3	3
714	22	1	10	15	40	0	0	0	0	1	0	0	4	0	3	2	2	4	2	1	0	0	0	0	0	0
715	24	1	11	16	22	1	0	0	0	0	1	0	1	7	2	1	1	5	1	1	7	6.5	7	7	11	13
716	23	1	11	17	51	0	0	0	0	1	0	0	4	0	2	1	1	4	3	1	0	0	0	0	22.83333333	28
717	23	1	11	16	40	1	1	0	0	0	0	0	1	7	3	3	3	1	2	1	10	3.33333	3.33333	5	4.833333333	7
718	24	2	11	16	40	0	0	0	0	1	0	0	4	0	2	1	1	4	2	1	0	0	0	0	6	6
719	23	2	10	14	27	1	0	0	0	0	1	0	1	1	3	1	3	5	1	1	3	1	2	1	2	2
720	23	2	10	14	30	1	1	0	0	0	0	0	5	1	3	2	2	1	1	1	5	3	3	3	6	6
721	21	2	10	14	40	1	0	0	0	0	1	0	5	0	2	1	2	5	2	1	8	7	7	7	7.5	8
722	27	2	11	15	40	0	0	0	0	1	0	0	4	0	4	2	2	4	2	1	0	4	0	4	7	7
723	20	2	11	16	65	0	0	0	0	1	0	0	4	1	2	1	2	4	3	1	11	5.25	5.25	8	45.7	61
724	24	1	11	16	35	1	0	0	0	0	1	0	5	7	4	3	2	5	1	1	15	9	9.33333	10	13.83333333	16
725	19	2	12	16	40	0	0	0	0	1	0	0	4	0	4	4	2	4	2	1	0	0	0	0	2.2	3
726	25	1	11	16	40	1	0	0	0	0	1	0	5	1	3	2	2	5	2	1	1	0	1	0	1	1
729	23	2	10	15	30	1	1	0	0	0	0	0	1	1	1	4	3	1	1	1	4	6.5	4.83333	7	9.833333333	11
730	28	1	12	17	40	0	0	1	0	0	0	0	2	1	3	1	1	2	2	1	0	0	0	0	0	0
731	20	1	12	16	100	0	0	0	0	1	0	0	4	1	2	1	1	4	3	1	5	6	6	6	9	9
732	21	2	11	16	40	1	1	0	0	0	0	0	1	1	1	3	3	1	2	1	1	1	1	1	2	2
733	29	1	12	17	110	0	1	0	0	1	0	1	1	1	3	4	2	6	3	1	40	26.5	29	28	47.5	50
734	24	2	10	15	12	0	0	1	1	0	0	1	2	1	1	1	1	6	1	1	0	0	0	0	0	0
735	31	1	10	15	35	0	0	0	0	1	0	0	4	7	3	2	2	4	1	2	8	7	7	9	8.5	12
737	21	2	10	14	22	0	0	0	0	0	1	0	4	0	2	2	3	5	1	1	0	0	0	0	5	6
738	35	1	12	16	40	0	0	0	0	1	0	0	4	1	1	1	2	4	2	2	0	0	0	0	8	9
739	24	1	12	16	40	0	0	1	0	0	0	0	2	1	1	1	1	2	2	1	0	0	0	0	0	0
740	35	2	11	15	25	1	0	0	0	0	1	0	5	1	3	3	1	5	1	2	0	5.5	6	6	7.5	8
741	21	2	11	15	40	0	0	1	0	0	0	0	2	1	3	2	1	2	2	1	0	0	0	0	2.5	3
742	24	1	11	16	20	1	0	0	0	0	1	0	5	1	1	1	2	5	1	1	1	1	1	1	1	1
743	24	1	11	15	100	0	0	1	0	0	0	0	2	1	3	1	2	2	3	1	0	0	0	0	5	5
745	21	2	11	16	35	0	0	0	0	1	0	0	4	7	2	2	2	4	1	1	0	0	0	0	11.83333333	13
746	22	1	11	15	40	0	0	1	0	0	0	0	2	7	2	1	1	2	2	1	0	0	0	0	2	2
749	22	2	12	16	82	0	0	1	0	0	0	0	2	1	2	1	1	2	3	1	0	0	0	0	0	0
750	23	2	10	15	75	0	0	1	0	0	0	0	2	1	1	2	1	2	3	1	0	0	0	0	3	3
752	21	2	10	14	18	0	0	1	1	0	0	1	2	1	2	3	2	6	1	1	0	0	0	0	1	1
753	17	2	10	14	13	0	0	1	0	0	0	0	2	1	3	4	2	2	1	1	0	0	0	0	0	0
754	23	2	11	16	60	1	1	0	0	0	0	0	1	1	2	4	2	1	3	1	2	6	4	7	12	13
755	24	2	10	15	14	1	1	0	0	0	0	0	1	0	3	5	1	1	1	1	0	0	0	0	3.5	4
756	22	1	12	17	45	0	0	0	0	1	0	0	4	7	2	1	2	4	3	1	3	2	2	2	3	3
758	21	2	12	16	40	1	0	0	0	0	1	0	5	1	3	2	2	5	2	1	3	0	3	0	5	5
759	26	1	10	16	40	1	1	0	0	0	0	0	1	1	2	2	2	1	2	1	2	1	1	2	1.166666667	3
760	24	2	12	17	13	1	1	0	0	0	0	0	1	0	3	1	3	1	1	1	0	0	0	0	0	0
761	21	1	10	15	17	1	1	0	0	0	0	0	1	0	3	2	2	1	1	1	10	6.33333	4	8	9.833333333	12
762	20	2	10	15	9	1	1	0	0	0	0	0	1	7	4	4	4	1	1	1	6	2	4.5	2	7	8
763	24	1	12	16	40	0	0	1	0	0	0	0	2	1	4	3	3	2	2	1	0	0	0	0	1	1
764	20	1	10	15	28	1	1	0	0	0	0	0	1	1	3	2	2	1	1	1	14	19.8333	15.3333	22	28.66666667	32
765	19	2	11	16	69	0	0	0	0	1	0	0	4	0	1	1	3	4	3	1	0	0	0	0	1	2
766	19	2	11	16	24	1	1	0	0	0	0	0	1	1	3	2	2	1	1	1	2	6	7	6	7.5	8
767	21	2	11	16	22	0	0	0	0	1	0	0	4	0	3	3	2	4	1	1	0	0	0	0	1	2
768	21	2	12	16	23	1	0	0	0	0	1	0	5	1	3	2	2	5	1	1	1	2	2	2	2	2
769	21	1	10	15	40	1	1	0	0	0	0	0	1	1	1	1	2	1	2	1	5	3.5	3.25	5	7.25	10
770	20	2	12	17	40	0	0	0	0	1	0	0	4	0	3	2	2	4	2	1	1	1.5	1.5	2	2.5	3
771	27	1	10	15	40	1	0	0	0	0	1	0	5	0	3	3	3	5	2	1	23	25.6667	21.3333	28	29.66666667	32
772	27	2	12	18	40	1	0	0	0	0	1	0	5	1	3	3	3	5	2	1	0	0	0	0	0	0
773	32	1	11	16	40	0	0	0	0	1	0	0	4	1	2	1	1	4	2	2	1	8	4	8	10	10
774	24	2	10	15	40	0	0	1	0	0	0	0	2	1	3	1	2	2	2	1	0	0	0	0	0.2	1
775	23	2	10	15	40	0	0	1	0	0	0	0	2	1	2	2	2	2	2	1	0	1	1	1	1	1
776	23	1	11	18	40	1	0	0	0	0	1	0	5	1	2	4	2	5	2	1	0	0	0	0	0	0
777	20	2	11	17	40	0	0	0	0	1	0	0	4	0	2	4	2	4	2	1	0	0	0.333333	0	2.333333333	4
778	27	2	11	15	40	0	0	0	0	1	0	0	4	1	3	4	2	4	2	1	4	5	5	5	6	6
779	25	1	12	17	40	1	1	0	0	0	0	0	1	0	2	2	2	1	2	1	1	1	1	1	1	1
780	27	1	10	16	40	0	0	0	0	1	0	0	4	0	1	2	2	4	2	1	4	2.5	2	3	2.5	3
781	30	1	10	15	42	1	1	0	0	0	0	0	1	1	3	2	3	1	3	2	6	6.5	6.5	7	7.5	8
782	21	2	11	16	40	1	0	0	0	1	0	0	4	1	2	1	2	4	2	1	2	0.5	0.5	1	0.5	1
783	22	1	12	19	40	0	0	0	0	1	1	1	4	0	1	2	2	6	2	1	0	0	0	0	10.5	15
784	22	1	11	16	40	0	0	1	0	0	0	0	2	1	2	2	3	2	2	1	0	0	0	0	0	0
785	25	1	11	15	40	0	0	1	0	0	0	0	2	1	2	4	1	2	2	1	0	0	0	0	1	1
787	20	2	11	16	40	0	0	0	0	1	0	0	4	0	1	1	2	4	2	1	0	0	0	0	0.5	1
788	23	1	10	14	80	0	0	1	0	0	0	0	2	1	2	3	2	2	3	1	0	0	0	0	1	1
789	24	1	12	17	40	0	0	0	0	1	0	0	4	0	2	1	2	4	2	1	2	0	5.83333	0	30.83333333	33
790	21	1	12	16	40	0	0	0	0	1	0	0	4	1	3	2	2	4	2	1	3	2	2	2	2	2
791	20	2	12	18	40	0	0	0	0	1	0	0	4	0	2	1	2	4	2	1	0	0	0	0	0.166666667	1
792	17	1	11	16	80	0	0	0	0	1	0	0	4	1	3	2	2	4	3	1	0	0	0	0	12.33333333	16
793	21	1	10	15	40	0	0	0	0	1	0	0	4	0	3	2	2	4	2	1	0	0	0	0	12	12
796	20	2	10	15	72	0	0	0	0	1	0	0	4	1	1	2	1	4	3	1	3	2.5	2.5	3	6.75	9
797	19	2	11	16	70	0	0	0	0	1	0	0	4	0	3	3	2	4	3	1	21	16.0833	16.0833	22	57.11666667	81
798	25	2	11	16	40	1	0	0	0	1	0	0	5	0	1	2	1	4	2	1	6	8	8	8	10	10
799	18	2	12	17	41	0	1	0	0	0	0	0	1	1	2	3	3	1	3	1	0	0	0	0	0	0
801	19	2	10	14	70	0	0	0	0	1	0	0	4	0	3	2	3	4	3	1	0	0	0	0	6.5	7
802	24	1	11	15	40	0	0	0	1	1	0	1	4	1	2	1	1	6	2	1	2	0.333333	0.333333	1	0.333333333	1
803	19	2	11	16	6	0	1	0	0	0	0	0	1	1	1	3	3	1	1	1	2	2	2	2	2	2
804	21	1	12	17	40	0	0	0	0	1	0	0	4	0	2	1	2	4	2	1	0	0	0	0	2	2
805	25	1	12	17	40	1	1	0	0	0	0	0	1	1	1	2	2	1	2	1	0	0	0	0	1	1
807	27	1	11	16	40	0	0	0	0	1	0	0	4	0	2	2	3	4	2	1	0	0	0	0	40.5	42
808	22	1	11	17	40	0	0	0	0	1	0	0	4	0	3	3	2	4	2	1	0	1	0	1	1	1
809	25	1	12	16	40	0	0	0	0	1	0	0	4	0	3	2	2	4	2	1	0	0	0	0	6	6
810	22	2	11	16	40	1	1	0	0	0	0	0	1	1	3	4	3	1	2	1	1	0	1	0	2	4
811	23	2	10	14	40	0	1	1	1	0	0	1	3	1	3	4	2	6	2	1	0	7	7	7	10	10
812	29	1	12	17	60	0	0	0	0	1	0	0	4	0	3	3	4	4	3	1	0	0.333333	0.333333	1	0.333333333	1
813	19	2	11	15	64	0	0	1	0	0	0	0	2	7	1	1	1	2	3	1	0	0	0	0	16	17
814	25	2	11	16	40	1	0	0	0	0	1	0	5	1	2	2	2	5	2	1	0	0	0	0	0	0
815	23	1	10	14	35	1	1	0	1	0	0	1	3	1	3	3	2	6	1	1	26	20	19.5	23	36.66666667	41
816	18	1	11	18	75	0	0	0	0	0	1	0	5	0	2	1	2	5	3	1	0	0	0	0	2	2
817	22	2	11	16	40	0	0	0	0	1	0	0	4	0	2	3	2	4	2	1	0	0	0	0	2.5	3
818	23	2	11	16	10	1	1	0	0	0	0	0	1	7	1	1	1	1	1	1	3	2.5	5	3	7	8
819	22	1	10	15	40	1	1	0	0	0	0	0	1	0	1	2	2	1	2	1	1	1.83333	0.5	3	2.833333333	4
820	27	1	12	17	40	1	0	0	0	0	1	0	5	1	1	3	2	5	2	1	0	0	0	0	0	0
821	19	2	10	17	90	0	0	0	0	1	0	0	4	7	3	2	1	4	3	1	21	19.5	19.5	20	30.5	32
822	26	1	11	16	40	1	1	0	0	0	0	0	1	1	1	1	3	1	2	1	1	1	1	1	1	1
823	20	2	11	16	40	1	1	0	0	0	0	0	1	1	2	2	2	1	2	1	2	0	4	0	8.166666667	10
824	23	2	10	15	18	0	0	0	0	1	0	0	4	0	2	2	1	4	1	1	0	0	0	0	22.16666667	24
825	21	1	10	15	40	0	0	0	0	1	0	0	4	0	2	3	2	4	2	1	0	0	0	0	1	1
826	27	2	10	15	35	0	0	0	0	1	0	0	4	1	2	1	2	4	1	1	8	6	5	7	9	10
827	19	2	12	17	40	1	0	0	1	0	0	0	3	0	1	2	3	3	2	1	0	0	0	0	0	0
828	26	1	10	16	3	1	0	0	0	0	1	0	1	1	2	3	2	5	1	1	3	5	10	5	14	14
829	23	1	12	17	50	1	0	0	0	0	1	0	5	1	2	2	2	5	3	1	1	0.5	0.5	1	0.5	1
830	26	1	10	15	54	1	0	0	0	0	1	0	1	1	2	1	4	5	3	1	2	2	2	2	3	3
831	25	1	11	16	6	1	0	0	0	0	1	0	5	1	2	2	2	5	1	1	0	0	0	0	0	0
832	18	1	10	14	16	0	0	1	0	0	0	0	2	1	2	3	2	2	1	1	0	0	0	0	0	0
833	30	2	11	16	40	0	0	1	0	0	0	0	2	1	1	1	1	2	2	2	0	0	0	0	2.666666667	6
834	32	1	10	14	28	0	0	1	0	0	0	0	2	1	2	2	2	2	1	2	0	0	0	0	6	6
835	23	1	11	16	40	1	0	0	0	0	1	0	5	7	2	1	1	5	2	1	1	2	2	2	3	3
836	23	2	12	16	40	1	1	0	0	0	0	0	1	7	2	3	2	1	2	1	40	22.5333	23.8167	28	40.23333333	51
837	26	2	10	16	40	1	0	0	0	0	1	0	5	1	4	2	2	5	2	1	22	17.5	17.5	18	25	26
838	30	2	12	17	40	1	1	0	0	0	0	0	1	1	2	1	1	1	2	2	2	4	3	4	6	6
839	19	2	10	15	40	1	1	0	0	0	0	0	1	0	2	1	2	1	2	1	1	1	1	1	2	2
841	21	1	11	17	40	1	1	0	0	0	0	0	1	1	2	2	2	1	2	1	0	0	0	0	3	3
842	21	1	10	16	60	1	0	0	0	0	1	0	5	7	2	2	2	5	3	1	2	1	1	1	2	2
843	27	1	11	15	20	1	1	0	0	0	0	0	1	1	4	3	2	1	1	1	0	0	0	0	2	2
844	20	2	11	15	50	1	1	0	0	0	0	0	1	1	3	2	2	1	3	1	1	1.5	1.5	2	2.5	3
845	20	2	10	14	60	1	0	0	0	0	1	0	5	7	3	2	2	5	3	1	0	0	0	0	1	1
846	24	1	10	15	40	0	1	0	0	0	0	0	1	1	3	1	2	1	2	1	0	0	0	0	0	0
847	33	2	10	14	40	0	0	1	0	0	0	0	2	1	4	3	2	2	2	2	0	0	0	0	0	0
848	26	1	11	15	60	0	0	0	0	1	0	0	4	1	3	4	3	4	3	1	5	4	4	4	9	9
849	25	2	10	14	40	1	1	0	0	0	0	0	1	1	4	1	1	1	2	1	21	14.8333	14.8333	18	22.83333333	26
850	27	1	10	17	40	0	0	1	0	0	0	0	2	1	1	1	1	2	2	1	0	0	2	0	2	2
851	27	2	10	14	40	1	1	0	0	0	0	0	5	1	4	3	2	1	2	1	2	1	1	1	2	2
852	22	1	12	16	40	1	1	0	0	0	0	0	1	1	1	1	1	1	2	1	15	7.5	9.5	8	12.5	13
853	19	2	12	17	40	1	1	0	0	0	0	0	1	1	4	3	2	1	2	1	22	8.95	11.2333	11	19.98333333	26
854	17	1	10	15	40	1	1	0	0	0	0	0	1	1	2	2	2	1	2	1	2	2	2	2	3	3
855	19	2	11	16	20	0	0	0	0	1	0	0	4	0	2	2	1	4	1	1	17	6.58333	6.58333	10	41.61666667	59
856	17	2	10	14	82	0	0	0	0	1	0	0	4	1	2	2	3	4	3	1	8	21	21	21	41.03333333	52
857	23	2	12	18	40	0	0	0	0	1	0	0	4	0	2	2	3	4	2	1	1	0	2.33333	0	7.833333333	14
858	19	2	12	18	30	1	0	0	0	0	1	0	5	1	2	2	3	5	1	1	2	2.5	2.5	3	2.5	3
861	21	2	12	17	40	0	0	0	0	1	0	0	4	1	1	3	2	4	2	1	0	0	0	0	8.5	9
862	22	1	11	16	25	1	0	0	1	0	0	0	5	0	3	3	3	3	1	1	0	1	1	1	1	1
864	20	2	12	16	80	0	0	0	0	1	0	0	4	1	3	3	2	4	3	1	0	1	1	1	1	1
865	17	2	11	16	24	0	0	0	0	1	0	0	4	0	2	1	1	4	1	1	0	0	0	0	1	1
866	19	2	10	15	40	0	0	0	0	1	0	0	4	1	3	2	2	4	2	1	0	0	0	0	0	0
868	24	2	10	14	40	1	1	0	0	0	0	0	1	0	3	3	3	1	2	1	7	4.5	4.5	6	6.666666667	9
869	28	1	11	16	11	0	0	0	0	1	0	0	4	0	3	4	2	4	1	1	2	1.5	1.5	2	5	7
870	21	1	12	16	80	0	0	0	0	1	0	0	4	1	2	3	2	4	3	1	0	0	0	0	6.833333333	9
871	19	2	12	17	40	0	0	0	0	1	0	0	4	0	3	2	2	4	2	1	0	0	0	0	0	0
872	35	1	11	16	18	1	1	0	0	0	0	0	1	7	3	2	2	1	1	2	1	1	1	1	1	1
873	21	2	10	14	40	0	0	1	0	0	0	0	2	1	4	2	2	2	2	1	0	0	0	0	5	5
874	23	2	10	15	40	1	0	0	0	0	1	0	5	1	2	1	1	5	2	1	7	5	9.5	5	12.5	13
875	25	1	12	17	25	1	0	0	0	0	1	0	5	1	1	2	3	5	1	1	0	0	0	0	1	1
876	20	1	10	14	45	1	1	0	0	0	1	1	1	1	3	2	2	6	3	1	12	7.5	7.5	8	8.5	9
877	20	1	10	15	40	0	0	1	0	1	0	1	3	1	2	2	1	6	2	1	0	0	0	0	0	0
878	21	2	12	17	40	1	0	0	0	0	1	0	5	1	3	3	2	5	2	1	1	1.25	0.983333	4	2.816666667	9
880	27	2	11	16	65	0	0	0	0	1	0	0	4	7	2	1	1	4	3	1	0	8.33333	0	11	26.16666667	31
881	27	1	11	16	40	1	0	0	0	0	1	0	5	0	2	3	4	5	2	1	0	3	4.5	3	5.5	6
883	26	1	12	17	284	1	1	0	0	0	0	0	1	1	2	2	3	1	3	1	0	2	1	2	2	2
884	21	1	12	17	85	0	1	1	1	0	0	1	2	1	1	4	1	6	3	1	8	22.5	20.5	23	27.5	28
885	35	1	10	15	90	0	0	1	0	0	0	0	2	7	3	3	2	2	3	2	0	0	0	0	5	5
886	26	1	10	14	65	0	0	1	0	0	0	0	2	1	1	1	2	2	3	1	2	0	3	0	5.5	6
887	23	1	10	14	40	0	0	1	0	0	0	0	2	0	1	1	2	2	2	1	0	0	0	0	0.5	1
890	21	1	11	16	38	1	0	0	0	0	1	0	5	1	1	1	1	5	2	1	6	4.66667	4.66667	8	9.333333333	16
891	27	1	12	17	40	1	0	0	0	0	1	0	5	0	2	2	2	5	2	1	19	14.8333	15.8333	17	26.16666667	29
892	22	1	11	16	11	1	0	0	0	0	1	0	5	1	2	2	2	5	1	1	6	4.5	5.5	5	5.5	6
893	28	1	10	16	24	1	1	0	0	0	0	0	1	7	3	1	1	1	1	1	6	4	4	4	5	5
895	25	1	12	17	40	1	1	0	0	0	0	0	1	1	2	1	1	1	2	1	13	17	17	17	24.5	25
896	22	2	12	17	10	1	0	0	0	0	1	0	5	1	2	2	3	5	1	1	0	0	0	0	0	0
897	26	1	10	14	40	1	0	0	0	0	1	0	5	1	2	2	2	5	2	1	10	12.3333	13.3333	14	15.83333333	18
898	17	2	11	16	75	0	0	0	0	1	0	0	4	7	1	2	2	4	3	1	0	0	0	0	0	0
900	24	1	10	14	69	1	0	0	0	1	0	0	4	1	1	4	2	4	3	1	0	0	1.5	0	2	3
901	25	2	11	16	41	0	0	1	0	0	0	0	2	1	3	4	2	2	3	1	0	0	0	0	5	5
902	23	2	11	15	36	0	0	0	0	1	0	0	4	0	2	1	3	4	2	1	0	0	0	0	1	1
903	19	2	10	14	40	0	1	0	0	1	0	1	1	7	4	5	4	6	2	1	0	2	2	2	3	3
904	23	1	12	16	40	1	0	0	0	0	1	0	1	7	2	2	2	5	2	1	11	7.5	7.5	10	7.5	10
905	23	2	10	14	6	1	1	0	0	0	0	0	1	7	3	1	1	1	1	1	4	2.5	2.5	3	2.833333333	4
906	20	1	12	17	40	1	0	0	0	0	1	0	5	0	1	3	3	5	2	1	0	0	0	0	0	0
907	34	1	11	15	40	1	1	0	0	0	0	0	1	7	3	3	3	1	2	2	4	5	6	5	7	7
908	34	2	11	16	65	1	0	0	0	0	1	0	5	1	4	3	5	5	3	2	0	0	1	0	1	1
909	30	1	11	16	40	1	1	0	0	0	0	0	1	1	3	2	1	1	2	2	4	2.5	1.5	3	3.5	4
910	26	1	12	18	50	0	0	0	0	1	0	0	4	0	2	1	2	4	3	1	0	0	0	0	0	0
911	35	1	12	16	40	0	0	0	0	1	0	0	4	7	3	3	2	4	2	2	0	0	0	0	7.5	9
912	36	2	12	16	40	0	0	0	0	1	0	0	4	1	3	2	2	4	2	2	0	0	0	0	0	0
913	43	2	11	15	40	0	0	0	0	1	0	0	4	1	3	2	2	4	2	2	0	0	0	0	0	0
914	21	1	10	15	42	0	0	0	0	1	0	0	4	0	2	3	3	4	3	1	0	0	0	0	2	2
915	25	1	11	17	40	0	0	1	0	0	0	0	2	1	2	4	2	2	2	1	3	1.5	1.5	2	3.5	4
916	29	1	11	16	40	0	0	0	0	1	0	0	4	1	3	2	2	4	2	1	0	0	0	0	13.33333333	14
917	30	2	11	15	40	0	0	0	0	1	0	0	3	1	2	1	1	4	2	2	0	0	0	0	2	2
918	23	1	11	15	40	0	0	1	0	0	0	0	2	1	3	2	3	2	2	1	0	0	0	0	0	0
919	29	1	12	16	40	1	1	0	0	0	0	0	1	1	3	1	2	1	2	1	0	0	0	0	0	0
920	22	2	11	16	40	0	0	0	0	1	0	0	4	1	3	2	2	4	2	1	0	0	0	0	0	0
921	23	1	10	15	40	1	0	1	0	0	1	1	2	7	3	2	2	6	2	1	0	0	2	0	2	2
922	21	1	11	16	42	0	0	0	0	1	0	0	4	0	2	2	2	4	3	1	0	0	0	0	0.333333333	1
923	30	2	12	17	6	1	1	0	0	0	0	0	1	1	3	3	3	1	1	2	0	0	0	0	0	0
924	30	2	12	16	40	0	0	1	0	0	0	0	2	1	3	3	2	2	2	2	0	0	0	0	0	0
925	17	2	11	16	40	0	0	0	1	0	0	0	4	0	1	1	2	3	2	1	11	5	8	6	13.25	21
926	19	1	10	14	28	1	0	0	0	0	1	0	5	1	1	1	2	5	1	1	0	0	0	0	2.5	3
928	20	2	12	16	32	0	1	0	0	0	0	0	1	1	2	1	2	1	1	1	1	1	1	1	1	1
929	20	2	10	14	42	0	0	0	0	1	0	0	4	0	2	1	2	4	3	1	5	7	6	8	7.5	9
930	22	1	10	15	40	0	0	0	0	1	0	0	4	1	3	1	2	4	2	1	16	11	12	11	14.5	15
931	24	1	12	16	55	0	0	1	0	0	0	0	2	1	2	2	2	2	3	1	0	0	0	0	2	2
932	18	2	11	15	40	0	0	0	0	1	0	0	4	1	2	1	1	4	2	1	0	0	0	0	4.666666667	6
933	22	2	11	15	35	0	0	1	0	0	0	0	2	1	1	1	1	2	1	1	2	2	3	2	3	3
934	22	2	11	15	40	0	1	1	0	0	0	1	5	1	2	2	2	6	2	1	0	0	0	0	0	0
935	40	1	10	15	50	0	1	0	1	0	0	1	1	1	4	1	1	6	3	2	0	0	0	0	0	0
936	25	1	11	16	50	0	0	1	0	0	0	0	2	1	2	1	1	2	3	1	0	0	0	0	1	1
937	29	2	10	14	39	0	0	1	0	0	0	0	2	1	2	4	2	2	2	1	4	1.5	2.5	2	2.5	3
938	25	2	11	15	40	0	1	0	0	0	0	0	1	7	3	3	2	1	2	1	0	0	0	0	0	0
939	19	2	11	17	37	0	0	0	0	1	0	0	4	0	2	2	3	4	2	1	0	0	0	0	0	0
940	22	2	10	15	73	0	0	0	0	1	0	0	4	0	3	2	1	4	3	1	13	11	11	11	25.25	26
941	19	1	11	15	40	0	0	0	0	1	0	0	4	0	2	2	2	4	2	1	0	0	0	0	2	2
942	20	1	10	14	62	0	0	0	0	1	0	0	4	0	2	3	3	4	3	1	21	21	21	21	27	28
943	19	2	10	14	0	0	0	0	0	1	0	0	4	0	4	5	1	4	1	1	0	5	4.83333	5	6.833333333	9
944	33	1	12	16	75	1	0	0	0	0	1	0	5	1	4	3	1	5	3	2	4	3	3	3	5	5
945	21	2	11	17	45	0	0	0	0	1	0	0	4	0	2	2	2	4	3	1	0	0	0	0	25.66666667	30
946	20	2	10	14	40	0	0	0	0	1	0	0	4	0	2	1	1	4	2	1	0	0	0	0	0.25	1
947	16	2	11	16	40	1	0	0	0	1	0	0	4	7	3	2	2	4	2	1	0	0	0	0	0	0
948	21	1	11	16	30	0	0	0	0	1	0	0	4	0	1	1	2	4	1	1	0	0	0	0	6	6
949	20	2	12	16	40	0	0	0	0	1	0	0	4	7	3	3	1	4	2	1	2	2	2	2	3	3
950	19	2	12	18	40	1	1	0	0	0	0	0	1	0	1	2	2	1	2	1	0	0	1	0	1	1
951	21	2	12	16	80	0	0	0	0	1	0	0	4	1	2	3	3	4	3	1	1	2.5	2.5	3	7.5	8
952	19	1	11	16	56	0	0	0	0	1	0	0	4	0	2	1	3	4	3	1	5	3	3	3	8.5	9
953	21	1	11	16	22	1	0	0	0	0	1	0	5	0	2	1	3	5	1	1	5	4	4	4	9	9
954	27	1	12	17	40	0	0	0	0	1	0	0	4	1	3	1	2	4	2	1	0	0	0	0	0	0
955	21	2	12	15	40	0	0	0	0	1	0	0	4	1	2	2	2	4	2	1	2	3	3	3	6	6
956	17	2	11	15	80	0	0	1	0	0	0	0	2	7	2	2	2	2	3	1	0	1	1	1	1	1
957	20	2	12	18	40	0	0	0	0	1	0	0	4	0	3	4	2	4	2	1	1	1.5	1.5	2	2.5	3
958	25	1	10	14	5	1	1	0	0	0	0	0	1	1	1	1	1	1	1	1	12	10	12	10	18.5	19
959	33	2	12	18	40	1	1	0	0	0	0	0	1	1	3	2	2	1	2	2	3	2.5	2.5	3	3.5	4
960	23	1	10	15	14	1	1	0	0	0	0	0	1	7	3	2	3	1	1	1	0	0	0	0	0	0
961	19	1	11	15	45	0	0	1	0	0	0	0	2	7	2	2	2	2	3	1	0	0	0	0	5	5
962	23	2	11	15	40	0	0	1	0	0	0	0	2	1	2	1	1	2	2	1	0	0	0	0	0	0
963	22	2	11	16	17	0	1	0	0	0	0	0	1	1	3	3	2	1	1	1	4	1	3.5	2	4.5	6
965	21	2	12	17	62	1	0	0	1	0	0	0	5	1	2	4	3	3	3	1	11	8.75	7.48333	12	15.48333333	21
966	21	1	10	14	40	0	0	1	0	0	0	0	2	1	2	1	1	2	2	1	0	0	0	0	7.2	8
967	28	2	10	14	10	0	0	1	0	0	0	0	2	1	2	1	1	2	1	1	0	0	0	0	4.5	6
968	22	1	12	16	40	0	0	1	0	0	0	0	2	1	1	1	2	2	2	1	0	0	0	0	6	6
969	20	2	12	18	40	0	0	0	0	1	0	0	4	1	4	3	2	4	2	1	0	0	0	0	0	0
970	21	2	10	14	20	1	0	0	0	0	1	0	5	1	3	3	2	5	1	1	2	4	6.5	4	9.5	10
971	26	2	12	17	20	1	0	0	0	0	1	0	5	1	1	2	1	5	1	1	18	13	15	14	15	16
972	19	2	10	15	40	1	0	0	0	0	1	0	5	1	1	4	2	5	2	1	2	1	1	1	1	1
973	21	1	10	14	35	0	0	0	0	1	0	0	4	7	2	2	2	4	1	1	0	3	2	3	3	3
974	27	2	12	19	40	1	0	0	0	0	1	0	5	0	3	1	1	5	2	1	0	0	0	0	1	1
975	25	1	12	16	40	1	0	0	0	1	0	0	4	1	2	2	2	4	2	1	6	11.5	11.5	12	16.25	18
976	19	2	12	16	80	0	0	0	0	1	0	0	4	1	2	2	2	4	3	1	0	0	0	0	10.16666667	13
977	35	1	12	18	40	1	0	0	0	0	1	0	5	0	3	1	2	5	2	2	0	0	0	0	0	0
978	22	1	12	15	4	1	0	0	0	0	1	0	5	1	3	2	3	5	1	1	8	7.5	11	8	12.5	13
979	22	1	12	17	40	1	0	0	0	0	1	0	5	1	3	2	2	5	2	1	5	4	4.5	4	5.5	6
980	22	1	11	16	40	1	0	0	0	0	1	0	5	1	2	1	1	5	2	1	14	15.3333	13.3333	17	22.33333333	25
981	23	1	10	14	40	1	0	0	0	0	1	0	5	7	3	3	2	5	2	1	1	0	1	0	1	1
982	20	2	11	17	41	1	0	0	0	0	1	0	5	1	1	1	1	5	3	1	2	4	4	4	7	7
983	23	2	10	15	30	1	0	0	1	0	0	0	5	1	4	3	2	3	1	1	0	0	0	0	0	0
984	18	1	11	16	40	1	0	0	0	0	1	0	5	1	1	1	1	5	2	1	3	0	2	0	3	3
985	20	2	12	16	40	0	0	0	0	1	0	0	4	7	3	3	2	4	2	1	0	0	0	0	5.5	7
986	38	1	12	17	10	1	1	0	0	0	1	1	1	1	3	2	2	6	1	2	0	0	0	0	0	0
987	20	1	11	15	6	1	0	0	0	0	1	0	5	0	2	2	3	5	1	1	0	0	0	0	0	0
988	20	2	12	16	30	1	0	0	0	0	1	0	5	1	3	2	3	5	1	1	4	3	3	3	3	3
989	21	1	10	14	38	0	0	0	0	1	0	0	4	1	2	2	1	4	2	1	1	2.33333	2.33333	3	2.833333333	4
990	28	1	12	17	50	0	1	0	0	0	0	0	1	7	2	1	1	1	3	1	8	6	6	6	9	9
991	33	2	11	17	125	0	0	0	0	1	0	0	4	0	3	3	3	4	3	2	0	0	0	0	1	1
992	22	2	12	17	40	1	0	1	0	0	0	0	2	1	4	3	2	2	2	1	0	0	0	0	0	0
993	21	2	10	16	40	1	1	0	0	0	0	0	1	0	2	3	2	1	2	1	1	1	1	1	2	2
994	18	2	12	16	38	0	0	0	0	1	0	0	4	1	2	1	1	4	2	1	0	0	0	0	0.25	1
996	21	2	10	14	40	0	0	1	0	0	0	0	2	1	2	4	3	2	2	1	0	0	0	0	0	0
997	21	2	12	18	40	0	0	0	0	1	0	0	4	0	3	2	4	4	2	1	0	0	0	0	0	0
998	12	2	12	16	25	0	0	1	0	0	0	0	2	1	1	3	5	2	1	1	0	0	0	0	3	3
999	19	2	11	16	50	0	0	0	0	1	0	0	4	0	2	1	2	4	3	1	2	5	5	5	10.58333333	13
1000	24	1	10	15	40	0	0	0	0	1	0	0	4	1	3	2	3	4	2	1	0	0	0	0	0.25	1
1001	20	1	12	17	40	0	0	1	0	0	0	0	2	1	2	2	1	2	2	1	0	1	1	1	1	1
1003	24	1	12	18	40	0	0	1	0	0	0	0	2	1	2	2	2	2	2	1	0	0	0	0	0	0
1004	20	2	12	17	40	0	0	0	0	1	0	0	5	0	3	3	2	4	2	1	9	9	9	9	18	18
1005	29	1	11	16	80	0	0	1	0	0	0	0	2	7	4	3	3	2	3	1	3	0	3	0	6	6
1006	27	1	12	17	70	0	0	0	0	1	0	0	4	1	2	1	2	4	3	1	29	20.8333	21.5	23	28.83333333	31
1007	27	2	12	17	10	0	0	1	0	0	0	0	2	1	3	3	2	2	1	1	0	0	0	0	2	2
1008	23	1	11	15	110	0	0	1	0	0	0	0	2	1	1	1	1	2	3	1	0	0	0	0	1	1
1009	22	1	11	15	40	0	0	1	0	0	0	0	2	1	2	1	1	2	2	1	3	5	5	5	12	12
1010	18	2	10	15	94	1	0	0	0	0	1	0	5	1	3	1	2	5	3	1	0	0	0	0	0	0
1011	24	2	12	17	94	1	0	0	1	0	0	0	3	1	4	2	4	3	3	1	1	1	1	1	1	1
1012	22	1	12	17	40	1	0	0	0	0	1	0	5	0	4	2	2	5	2	1	1	1	1	1	1	1
1013	30	1	10	15	40	0	0	0	0	1	0	0	4	0	4	2	1	4	2	2	7	11.5	7.5	13	21.66666667	27
1014	21	1	12	17	40	0	0	0	0	1	0	0	4	1	3	2	2	4	2	1	7	6	6	6	16.5	18
1015	25	1	11	17	40	1	0	0	0	0	1	0	5	1	3	2	2	5	2	1	2	3	3	3	3	3
1016	22	1	10	14	40	0	1	0	0	0	0	0	1	1	2	2	2	1	2	1	2	6	4	6	10	10
1017	23	1	11	16	15	1	1	0	0	0	0	0	1	1	1	2	2	1	1	1	0	1.66667	1.66667	4	2.666666667	6
1018	22	1	10	15	19	1	0	0	0	0	1	0	1	1	2	2	2	5	1	1	4	6.5	7	7	9.5	10
1019	30	1	11	16	45	1	0	0	0	0	1	0	5	1	2	2	2	5	3	2	18	7	9.5	9	12	15
1020	20	1	10	15	40	1	0	0	0	0	1	0	1	7	3	2	2	5	2	1	0	0	0.5	0	0.5	1
1021	20	2	11	17	40	1	0	0	0	0	1	0	5	7	2	4	5	5	2	1	0	1	0	1	1	1
1022	20	2	12	17	25	0	0	1	0	0	0	0	2	1	1	2	2	2	1	1	0	0	0	0	1	1
1023	40	2	10	14	40	1	0	0	0	0	1	0	5	1	4	1	2	5	2	2	5	6	7.5	6	16.5	17
1024	21	2	11	17	40	1	1	0	0	0	0	0	5	7	2	2	2	1	2	1	5	8	8.4	8	13.73333333	16
1025	22	1	10	15	23	1	0	0	0	0	1	0	5	1	3	3	3	5	1	1	1	1.5	1.5	2	2.5	3
1026	21	1	12	18	40	0	0	0	0	1	0	0	4	0	3	2	2	4	2	1	0	0	0	0	2	2
1027	27	1	10	16	35	1	0	0	0	0	1	0	5	1	3	2	2	5	1	1	1	1	1	1	1	1
1028	21	1	11	15	35	0	1	0	0	0	0	0	1	1	1	2	2	1	1	1	0	0	0	0	0	0
1029	26	1	11	17	50	0	0	1	0	0	0	0	2	1	1	3	2	2	3	1	0	0	0	0	1	1
1030	23	1	11	16	40	0	0	0	0	1	0	0	4	0	1	2	2	4	2	1	2	5	5	5	18.5	19
1031	27	1	11	16	29	0	0	0	0	1	0	0	4	0	3	2	2	4	1	1	0	0	0	0	2.75	5
1032	18	2	10	14	58	1	1	0	0	0	0	0	1	1	1	2	2	1	3	1	15	17.1667	17.1667	20	27	34
1034	28	1	10	14	29	0	0	0	0	1	0	0	4	0	1	1	1	4	1	1	0	0	0	0	0	0
1036	23	2	10	14	14	1	0	0	0	0	1	0	5	1	3	2	2	5	1	1	0	1	1	1	1	1
1038	28	1	12	17	53	1	0	0	0	0	1	0	5	1	1	4	2	5	3	1	1	1	1	1	1	1
1039	21	2	10	16	40	1	0	0	0	0	1	0	5	1	2	2	2	5	2	1	0	0	0	0	1	1
1040	18	2	10	15	40	1	0	0	0	0	1	0	5	1	4	3	3	5	2	1	0	0	0	0	0	0
1042	21	2	10	15	35	0	0	0	0	1	0	0	4	0	1	1	1	4	1	1	0	0	0	0	11.5	12
1043	21	2	10	15	30	1	1	0	0	0	0	0	1	1	2	1	2	1	1	1	0	0	0	0	0	0
1044	21	1	11	15	92	1	1	0	0	0	1	1	1	1	3	1	1	6	3	1	0	0	0	0	0	0
1045	24	1	11	16	70	0	0	1	0	0	0	0	2	0	4	4	2	2	3	1	0	0	0	0	8.5	9
1046	20	2	10	15	40	0	0	0	0	1	0	0	4	0	2	2	2	4	2	1	0	0	0	0	12.83333333	15
1047	26	2	12	17	92	1	0	0	0	0	1	0	5	1	3	2	3	5	3	1	0	0	0	0	0	0
1049	21	2	11	17	24	1	0	0	0	0	1	0	5	1	1	2	2	5	1	1	0	0	0	0	0	0
1050	21	1	11	17	40	0	0	0	0	1	0	0	4	0	2	2	3	4	2	1	0	0	0	0	3	3
1051	22	2	10	15	100	0	0	1	0	0	0	0	2	7	2	1	2	2	3	1	0	0	0	0	2	2
1052	18	2	11	16	70	0	0	1	0	0	0	0	2	1	3	1	1	2	3	1	0	0	0	0	7.5	8
1053	21	2	11	17	40	1	0	0	0	0	1	0	1	0	2	2	3	5	2	1	0	1	0	1	1	1
1054	25	2	10	15	40	1	0	0	0	0	1	0	1	0	3	1	2	5	2	1	3	19.5	18	20	35.5	36
1055	25	1	10	15	24	1	1	0	0	0	0	0	1	1	1	2	2	1	1	1	7	6	6	6	10	10
1056	27	1	12	16	11	1	1	0	0	0	0	0	1	0	2	1	2	1	1	1	7	4.5	4.5	5	7.5	9
1058	20	2	12	17	40	0	0	0	0	1	0	0	4	0	3	2	3	4	2	1	0	0	0	0	1	1
1059	18	2	12	16	36	0	0	0	0	1	0	0	4	1	3	3	3	4	2	1	0	0	0	0	7.833333333	10
1061	20	1	12	17	11	1	1	0	0	0	0	0	1	1	2	1	3	1	1	1	0	1	0	1	3.5	4
1062	33	2	10	15	40	1	1	0	0	0	0	0	1	1	3	3	1	1	2	2	0	0	0	0	1	1
1063	46	2	10	15	33	0	0	0	0	1	0	0	5	1	4	3	2	4	1	2	4	1.5	2.5	2	2.5	3
1064	22	2	10	14	36	0	0	0	0	1	0	0	4	1	3	2	3	4	2	1	0	0	0	0	22.08333333	24
1065	39	1	12	17	33	0	0	0	0	1	0	0	4	7	2	1	1	4	1	2	0	0	0	0	0	0
1066	23	2	10	15	40	0	0	0	0	1	0	0	4	0	2	1	2	4	2	1	0	0	0	0	0.5	1
1067	30	2	10	14	40	0	0	0	0	1	0	0	4	7	4	3	4	4	2	2	0	0	0	0	0	0
1068	21	2	10	16	19	0	0	0	0	1	0	0	4	0	1	1	1	4	1	1	10	12	12	13	19.5	27
1070	27	1	11	16	8	1	1	0	0	0	0	0	1	1	3	2	2	1	1	1	1	2	2	2	3	3
1071	22	1	12	16	15	0	0	1	0	0	0	0	2	1	1	1	1	2	1	1	0	0	0	0	0.5	1
1072	23	1	11	16	80	0	0	1	0	0	0	0	2	7	3	3	3	2	3	1	0	0	0	0	6	6
1073	24	2	11	15	40	1	0	0	0	0	1	0	5	1	3	3	2	5	2	1	3	6	7	6	9	9
1075	24	1	12	17	40	0	0	0	0	1	0	0	4	0	2	2	2	4	2	1	1	0	2	0	2	2
1077	20	1	10	15	40	0	0	1	0	0	0	0	2	1	1	1	2	2	2	1	0	0	0	0	0	0
1078	21	2	11	15	40	1	0	0	0	0	1	0	1	0	3	3	3	5	2	1	5	7	3.5	8	8.5	10
1079	29	1	12	17	80	0	0	1	0	0	0	0	2	1	1	2	2	2	3	1	0	0	0	0	0	0
1080	25	2	11	16	40	1	1	0	0	0	0	0	1	1	3	3	2	1	2	1	0	0.5	0	1	1	2
1081	37	1	11	16	40	1	0	0	0	1	1	1	4	7	5	5	3	6	2	2	0	0	0	0	0	0
1082	28	1	11	16	40	0	0	0	0	1	0	0	4	1	2	2	2	4	2	1	0	0	0	0	0	0
1083	28	1	10	14	40	1	0	0	0	0	1	0	1	0	3	3	3	5	2	1	0	0	0	0	0	0
1085	23	1	11	17	15	1	1	0	0	0	0	0	1	0	1	2	3	1	1	1	0	0	0	0	0	0
1086	25	1	11	17	77	0	0	0	0	1	0	0	4	0	1	2	2	4	3	1	0	0	0	0	0	0
1087	25	1	10	15	31	1	0	0	0	0	1	0	5	1	1	1	2	5	1	1	3	4	4	4	5	5
1088	24	2	12	17	80	0	0	1	0	0	0	0	2	1	1	1	2	2	3	1	5	3	3.5	3	3.5	4
1089	30	1	12	16	61	1	1	0	0	0	1	1	1	7	3	3	1	6	3	2	0	0	1	0	1	1
1090	20	1	11	15	39	0	0	0	0	1	0	0	4	0	2	3	2	4	2	1	0	0	0	0	11.66666667	16
1091	18	1	10	14	43	0	0	1	0	0	0	0	2	1	2	2	1	2	3	1	0	0	0	0	0	0
1092	19	2	10	16	40	0	1	0	0	0	0	0	1	1	3	1	2	1	2	1	0	0	0	0	0	0
1093	24	1	11	15	138	0	0	1	0	0	0	0	2	1	1	1	3	2	3	1	4	2	2	2	3	3
1094	20	1	12	16	50	0	0	1	0	0	0	0	2	7	2	1	1	2	3	1	0	0	0	0	3	3
1095	31	2	11	16	42	1	1	0	0	0	0	0	1	7	2	2	2	1	3	2	0	8	8	8	14	14
1096	23	2	12	18	40	0	1	0	0	0	0	0	1	1	2	2	2	1	2	1	1	1	1	1	1	1
1097	23	1	10	15	38	1	0	0	0	0	1	0	5	1	2	2	2	5	2	1	4	7	7	7	13	13
1098	25	2	10	15	40	0	1	0	0	0	0	0	1	1	3	3	2	1	2	1	1	2	2	2	2	2
1099	27	1	11	16	50	1	0	0	0	0	1	0	5	1	3	2	2	5	3	1	8	9.5	11.5	10	12.5	13
1100	18	2	12	16	60	0	0	0	0	1	0	0	4	1	2	3	2	4	3	1	1	1	1	1	1	1
1101	16	2	10	16	61	0	0	0	0	1	0	0	4	1	2	1	2	4	3	1	0	0	0	0	6.25	8
1102	20	2	12	17	40	1	1	0	0	0	0	0	1	1	4	2	2	1	2	1	4	5	5	6	5	6
1103	22	1	11	15	25	1	0	0	0	0	1	0	5	1	3	1	1	5	1	1	2	2	2	2	2.5	3
1104	23	2	12	17	50	1	0	0	0	0	1	0	5	1	2	3	3	5	3	1	4	5.66667	6.33333	9	9	13
1105	33	1	10	14	30	1	0	0	0	0	1	0	5	1	3	2	2	5	1	2	0	6	6	6	9.5	10
1107	19	1	10	14	10	1	0	0	0	0	1	0	5	7	2	3	3	5	1	1	1	1	1	1	1	1
1108	22	1	11	16	40	1	1	0	0	0	0	0	1	7	1	1	1	1	2	1	5	4	4	4	5	5
1109	30	1	10	15	15	1	0	0	0	0	1	0	5	1	3	5	4	5	1	2	0	2	2	2	3	3
1110	19	2	12	16	40	1	0	0	0	0	1	0	1	1	3	2	3	5	2	1	2	1.83333	1.83333	4	2.833333333	5
1111	30	1	10	16	12	1	1	0	0	0	0	0	1	1	1	1	1	1	1	2	8	10.75	14	13	20.25	25
1112	20	1	10	14	40	0	0	0	0	1	0	0	4	7	2	2	4	4	2	1	0	0	0	0	0	0
1113	22	2	12	18	40	1	1	0	0	0	0	0	1	0	2	3	2	1	2	1	1	1	1	1	1	1
1114	19	2	10	16	40	1	1	0	0	1	0	1	1	1	2	1	1	6	2	1	0	0	0	0	0	0
1116	39	1	11	16	40	0	0	0	0	1	0	0	4	1	4	2	3	4	2	2	0	0	0	0	12.5	14
1119	20	1	11	16	40	0	0	0	0	1	0	0	4	0	1	4	2	4	2	1	0	0	0	0	3	4
1120	40	2	11	16	40	0	0	0	0	1	0	0	4	1	4	3	3	4	2	2	0	0	0	0	0	0
1121	30	2	11	16	70	0	0	0	0	1	0	0	4	1	4	4	1	4	3	2	1	7	4	7	9	10
1122	22	1	11	15	81	0	0	1	0	0	0	0	2	1	2	2	2	2	3	1	0	2	0	2	2	2
1123	20	1	10	15	39	0	0	1	0	0	0	0	2	7	1	2	1	2	2	1	0	0	0	0	0	0
1125	20	1	12	18	40	0	0	1	0	0	0	0	2	1	1	1	1	2	2	1	1	0	1	0	1	1
1126	22	2	11	16	40	1	0	1	0	0	0	0	3	7	1	3	2	2	2	1	0	0	0	0	0	0
1128	19	1	11	16	25	0	0	0	0	1	0	0	4	1	2	4	1	4	1	1	0	0	0	0	13.33333333	18
1129	22	2	11	16	40	0	0	0	0	1	0	0	4	0	1	1	1	4	2	1	0	0	0	0	11.33333333	18
1130	22	2	10	15	25	0	1	0	0	0	0	0	1	1	2	2	2	1	1	1	2	3	4	3	6	6
1131	21	1	11	15	35	0	0	1	0	0	0	0	2	1	3	2	2	2	1	1	2	1	1	1	1	1
1132	32	2	11	16	40	1	0	0	0	0	1	0	5	1	4	2	2	5	2	2	0	0	0	0	0	0
1133	20	2	10	14	30	1	0	0	0	0	1	0	1	7	1	2	2	5	1	1	28	29.5	35.25	34	44.75	52
1134	25	1	10	15	8	1	0	0	0	0	1	0	5	7	2	2	2	5	1	1	3	4	5	4	5	5
1135	18	2	11	16	62	0	0	0	0	1	0	0	4	0	1	1	1	4	3	1	0	0	0	0	8	9
1136	20	2	11	16	35	0	0	0	0	1	0	0	4	0	3	2	2	4	1	1	0	0	0	0	0	0
1137	30	2	11	18	40	1	0	0	0	0	1	0	5	0	2	2	2	5	2	2	0	0	0	0	0	0
1138	26	1	10	15	24	1	0	0	0	0	1	0	5	1	1	1	1	5	1	1	12	16.5	10.5	17	20.5	21
1139	23	2	12	16	40	0	0	0	0	1	0	0	4	1	1	3	3	4	2	1	1	5	5	5	14.5	15
1140	20	2	12	17	8	1	0	0	0	0	1	0	5	1	1	2	2	5	1	1	0	0	0	0	0	0
1141	25	1	12	18	45	1	0	0	0	0	1	0	5	0	1	1	2	5	3	1	2	6	6	6	9	9
1142	19	1	11	16	40	0	0	0	0	1	0	0	4	1	2	2	2	4	2	1	0	0	0	0	1	1
1143	18	2	12	16	40	1	0	0	0	0	1	0	5	1	3	2	2	5	2	1	0	0	0	0	3	3
1145	33	1	11	16	29	0	0	1	0	0	0	0	2	1	4	2	2	2	1	2	1	0	5	0	14	14
1146	19	1	11	16	40	0	0	0	0	1	0	0	4	7	2	2	2	4	2	1	0	0	0	0	0	0
1147	23	2	11	15	40	0	0	0	0	1	0	0	4	1	1	2	1	4	2	1	0	0	0	0	12	12
1148	22	2	11	15	40	1	0	0	0	0	1	0	5	1	2	2	2	5	2	1	0	0.5	0	1	0.5	1
1149	22	2	10	14	40	0	0	0	0	0	1	0	5	1	2	3	2	5	2	1	0	0	0	0	0	0
1150	19	2	10	15	0	1	1	0	0	0	0	0	1	0	1	2	2	1	1	1	3	3.16667	3.16667	6	7.166666667	10
1151	26	2	11	16	20	1	1	0	0	0	0	0	1	1	2	3	4	1	1	1	3	2	4	2	5	5
1152	26	1	12	17	1	1	0	0	0	0	1	0	1	0	2	2	3	5	1	1	0	0	0	0	0	0
1153	20	2	11	16	20	1	1	0	0	0	0	0	1	1	1	2	2	1	1	1	10	11.5	11.5	12	27.5	28
1155	23	2	10	15	40	0	0	1	0	0	0	0	2	1	2	2	2	2	2	1	0	0	1.33333	0	3.333333333	4
1156	28	2	10	14	40	0	0	1	0	0	0	0	2	1	3	1	1	2	2	1	2	0	1	0	1	1
1157	23	2	12	17	40	1	1	0	0	0	0	0	1	1	2	4	2	1	2	1	2	1	1	2	1	2
1158	24	2	11	15	40	0	0	1	0	0	0	0	2	7	1	2	2	2	2	1	12	17	21	17	27.5	28
1159	30	1	11	17	45	0	1	0	0	0	0	0	1	7	2	2	2	1	3	2	2	1	1	1	1	1
1160	23	1	11	15	17	0	0	1	0	0	0	0	2	7	1	1	1	2	1	1	0	0	0	0	0	0
1161	27	2	10	14	15	0	0	1	0	0	0	0	2	1	1	3	2	2	1	1	0	0	0	0	2	2
1162	19	2	11	16	24	0	0	0	0	1	0	0	4	0	1	4	2	4	1	1	0	0	0	0	0	0
1163	21	2	10	15	40	0	0	0	0	1	0	0	4	1	2	2	2	4	2	1	0	0	0	0	7.166666667	10
1164	21	2	12	16	40	0	0	0	0	1	0	0	4	1	2	4	2	4	2	1	9	31	31	31	71.25	73
1165	25	2	10	15	80	0	0	0	0	1	0	0	4	0	1	1	1	4	3	1	0	1.33333	1.33333	2	4.166666667	6
1166	36	2	11	16	40	0	1	0	0	1	0	1	1	1	3	3	1	6	2	2	0	2	2	2	3	3
1168	21	2	11	16	55	1	0	0	0	0	1	0	5	1	4	3	2	5	3	1	5	14	14	14	19.5	20
1170	27	2	11	16	80	0	0	1	0	0	0	0	2	1	2	3	3	2	3	1	0	0	0	0	0	0
1171	23	1	10	14	23	0	0	1	0	0	0	0	2	7	2	1	1	2	1	1	0	0	0	0	2.5	3
1173	23	1	12	18	50	0	0	1	0	1	0	1	2	7	2	2	2	6	3	1	6	8	7	8	9	9
1174	24	2	11	16	0	0	0	0	0	1	0	0	4	1	2	1	2	4	1	1	0	0	0	0	0	0
1182	23	1	10	16	39	0	0	1	0	0	0	0	2	1	1	1	2	2	2	1	0	0	0	0	0	0
1184	23	2	12	17	40	1	0	0	1	0	0	0	3	0	2	2	2	3	2	1	0	0	0	0	0	0
1185	27	1	10	15	40	1	0	0	1	0	0	0	3	1	2	2	2	3	2	1	2	1	1	1	1	1
1186	26	1	12	17	26	1	1	0	0	0	0	0	1	0	1	1	2	1	1	1	0	0	0	0	0	0
1187	25	2	12	17	19	0	0	0	0	1	0	0	4	0	3	2	2	4	1	1	0	0	0	0	7.5	11
1189	18	1	12	17	40	0	1	0	0	0	0	0	1	1	2	1	2	1	2	1	0	0	0	0	0	0
1190	18	1	11	14	30	1	1	0	0	0	0	0	1	1	1	1	4	1	1	1	1	2	2	2	3	3
1191	26	2	12	16	100	0	0	0	0	1	0	0	4	1	4	4	3	4	3	1	0	0	0	0	1	1
1192	26	2	12	17	35	1	1	0	0	0	0	0	1	1	3	2	2	1	1	1	2	4	4	4	5	5
1194	24	2	11	15	40	1	0	0	0	0	1	0	5	1	3	5	3	5	2	1	0	1	2	1	3.333333333	4
1195	31	1	11	16	10	0	0	0	0	1	0	0	4	0	3	1	3	4	1	2	0	0	0	0	0	0
1196	36	2	12	17	36	0	0	0	0	1	0	0	4	0	3	3	2	4	2	2	0	0	0	0	4.783333333	7
1197	32	2	10	17	40	1	1	0	0	0	1	1	1	0	2	2	2	6	2	2	0	1	1	1	1	1
1198	20	2	10	15	20	1	1	0	0	0	0	0	5	1	4	4	4	1	1	1	0	0	0	0	0	0
1199	33	2	9	15	14	1	0	0	0	0	1	0	5	0	2	2	1	5	1	2	5	2	3.5	3	5.5	7
1200	23	1	11	17	40	0	0	0	0	1	0	0	4	0	2	1	3	4	2	1	0	0	0	0	0	0
1201	21	2	10	15	40	0	0	0	0	1	0	0	4	0	1	1	1	4	2	1	0	0	0	0	0	0
1202	22	1	11	16	35	0	0	0	0	1	0	0	4	0	1	1	2	4	1	1	0	0	0	0	3	3
1203	39	1	10	15	40	0	0	0	0	1	0	0	4	1	4	3	2	4	2	2	0	0	0	0	3.5	4
1204	20	2	12	16	60	0	0	0	0	1	0	0	4	0	3	5	3	4	3	1	2	1	1	1	1	1
1205	20	2	10	15	40	0	0	0	0	1	0	0	4	0	2	2	2	4	2	1	0	0	0	0	4.333333333	5
1206	32	1	11	15	40	0	0	0	0	1	0	0	4	1	3	2	2	4	2	2	0	0	0	0	3	3
1207	23	2	12	16	40	0	0	0	0	1	0	0	4	0	3	2	2	4	2	1	0	0	0	0	1.5	2
1208	23	1	11	16	40	0	0	0	0	1	0	0	4	0	2	3	2	4	2	1	4	3	3	3	4	5
1210	22	2	11	16	6	1	0	0	0	0	1	0	5	1	1	2	2	5	1	1	0	0	0	0	0	0
1211	20	1	11	16	40	0	0	0	0	1	0	0	4	0	1	3	3	4	2	1	3	0	6	0	17	18
1213	21	2	12	17	40	1	0	0	0	0	1	0	5	1	4	2	2	5	2	1	4	3.5	3.5	4	5.5	6
1214	24	1	11	16	40	1	0	0	0	0	1	0	1	1	1	2	4	5	2	1	0	1	1	1	1	1
1215	23	2	12	17	40	1	0	0	0	0	1	0	5	1	1	2	2	5	2	1	0	0	0	0	0	0
1216	20	1	10	14	23	1	0	0	0	0	1	0	5	1	1	2	2	5	1	1	0	11	11	11	15	15
1217	36	1	11	15	40	0	0	0	0	1	0	0	4	7	3	2	2	4	2	2	0	0	0	0	1	1
1218	23	1	11	15	30	0	0	0	0	1	0	0	4	1	3	3	2	4	1	1	0	0	0	0	2	2
1219	20	1	10	15	48	0	0	0	0	1	0	0	4	0	3	1	2	4	3	1	0	0	0	0	16.33333333	18
1220	24	1	12	17	48	0	0	0	0	1	0	0	4	0	2	2	2	4	3	1	0	2	2	2	6.5	7
1221	24	1	10	15	40	1	0	0	0	0	1	0	5	7	2	2	2	5	2	1	1	1	1	1	1	1
1222	21	1	11	16	40	0	0	0	0	1	0	0	4	0	2	2	2	4	2	1	0	0	0	0	0	0
1223	20	2	12	16	40	1	0	0	0	0	1	0	5	1	2	2	2	5	2	1	3	5.33333	5.33333	6	8.333333333	9
1225	26	2	12	16	32	1	1	0	0	0	0	0	1	1	2	2	2	1	1	1	2	2	2	3	3.5	6
1227	20	2	10	15	51	0	0	1	0	0	0	0	2	1	3	1	1	2	3	1	6	5	5	5	9.2	10
1228	32	1	10	14	40	0	0	0	0	1	0	0	4	7	3	1	4	4	2	2	1	0	3	0	4.5	6
1230	17	1	10	15	70	0	0	0	0	1	0	0	4	0	2	2	2	4	3	1	0	0	0	0	0	0
1231	18	1	12	16	40	0	0	0	0	1	0	0	4	0	3	2	2	4	2	1	0	0	0	0	0	0
1232	23	1	10	14	40	0	0	0	0	1	0	0	4	1	2	1	1	4	2	1	0	8	0	8	24.25	27
1233	21	2	12	17	40	0	0	1	0	0	0	0	2	1	3	5	1	2	2	1	0	0	0	0	0	0
1234	20	2	11	16	70	0	0	0	0	1	0	0	4	0	3	2	3	4	3	1	0	4	0	4	7	7
1235	19	2	10	14	27	0	0	1	1	0	0	1	2	7	2	1	2	6	1	1	0	0	1	0	1	1
1236	21	1	11	14	40	0	0	0	0	1	0	0	4	0	1	1	1	4	2	1	0	0.5	0.5	1	0.5	1
1237	29	1	11	15	40	0	1	1	0	0	0	1	2	7	2	2	3	6	2	1	0	0	0	0	0	0
1238	22	1	12	17	60	0	1	0	0	0	1	1	1	0	2	2	1	6	3	1	0	0	0	0	1	1
1239	24	2	10	14	40	1	0	0	0	0	1	0	5	1	2	3	3	5	2	1	0	3	5	3	5.5	6
1240	27	2	11	15	40	1	0	1	0	0	0	0	5	7	2	1	1	2	2	1	3	6	8	6	8	8
1241	28	1	11	15	43	0	0	1	0	0	0	0	2	1	2	2	2	2	3	1	1	1	1	1	1	1
1242	20	1	11	15	40	1	1	0	0	0	0	0	1	1	3	2	2	1	2	1	3	9	7	10	10	11
1243	24	2	12	17	60	1	1	0	0	0	0	0	1	1	2	2	5	1	3	1	3	3	5	4	5	6
1244	35	1	10	15	40	0	0	1	0	1	0	1	2	7	3	1	2	6	2	2	0	0	0	0	3	3
1245	28	2	12	17	40	0	1	0	0	0	0	0	1	0	2	2	2	1	2	1	0	2	2	2	5	5
1247	23	2	10	15	40	0	0	0	0	1	0	0	4	0	1	1	1	4	2	1	0	0	0	0	0.333333333	1
1249	24	1	12	17	40	1	1	0	0	0	0	0	1	1	2	2	2	1	2	1	3	3	2.33333	3	4.333333333	5
1250	34	1	12	16	40	1	0	1	0	0	0	0	2	1	2	2	2	2	2	2	0	0	0	0	0	0
1251	24	1	12	17	40	0	0	0	0	1	0	0	4	1	1	3	3	4	2	1	0	2	2	2	5	5
1252	17	2	12	17	40	0	0	0	0	1	0	0	4	0	3	4	2	4	2	1	1	8	8	8	18.41666667	26
1253	29	2	11	15	15	1	1	0	0	0	0	0	1	7	3	2	2	1	1	1	0	0	0	0	0	0
1254	23	1	11	18	22	0	0	0	0	1	0	0	4	0	1	2	1	4	1	1	0	4	5	4	6	6
1255	24	1	11	16	40	0	0	0	0	1	0	0	4	0	2	3	3	4	2	1	0	0	0	0	1.333333333	3
1256	19	1	12	16	17	1	1	0	0	1	0	1	4	7	2	2	2	6	1	1	10	11	11	11	15	15
1257	30	2	10	14	40	1	1	0	0	1	0	1	1	0	5	5	1	6	2	2	0	1	1	1	1	1
1258	21	1	12	16	65	0	0	0	0	1	0	0	4	7	2	4	1	4	3	1	0	0	0	0	20.33333333	25
1259	22	2	11	15	60	0	0	0	0	1	0	0	4	7	2	3	2	4	3	1	1	0	4.5	0	10.91666667	18
1260	21	1	12	17	40	0	1	0	0	0	0	0	1	0	2	2	2	1	2	1	2	2	3	2	3	3
1262	27	2	11	16	40	0	1	0	0	1	0	1	5	1	3	2	3	6	2	1	5	14	13	14	19	19
1263	26	1	10	14	40	1	0	0	0	0	1	0	5	1	4	2	2	5	2	1	0	0	0	0	0	0
1264	25	1	12	17	40	0	0	0	0	1	0	0	4	0	1	3	3	4	2	1	0	0	0	0	0	0
1265	27	2	12	17	0	1	0	0	0	1	0	0	4	1	1	2	2	4	1	1	0	0	0	0	1	1
1266	24	1	12	17	40	1	0	0	0	0	1	0	5	0	3	2	2	5	2	1	0	0	0	0	0	0
1267	20	1	12	17	40	0	1	0	0	0	0	0	1	1	3	1	2	1	2	1	0	1	1	1	2	2
1268	27	1	12	15	40	0	0	0	0	1	0	0	4	1	2	2	3	4	2	1	5	15.5	17.5	16	19.5	20
1269	21	1	12	17	100	0	0	0	0	1	0	0	4	0	4	2	2	4	3	1	0	0	0	0	46.16666667	54
1270	25	2	11	16	36	1	1	0	0	0	0	0	1	1	3	1	1	1	2	1	0	0	0	0	0	0
1271	20	2	10	14	21	1	0	1	0	0	1	1	2	7	2	2	2	6	1	1	0	0	0	0	3	3
1272	27	1	10	15	40	0	0	0	1	0	0	0	1	1	1	1	1	3	2	1	14	23	23	24	30	31
1273	24	2	10	14	40	0	1	1	0	0	0	1	1	1	2	3	2	6	2	1	2	4	4	4	5	5
1274	24	1	11	16	21	1	0	1	0	0	1	1	2	1	2	1	1	6	1	1	0	0	0	0	0	0
1276	26	1	11	17	40	1	1	0	0	0	0	0	1	1	2	1	2	1	2	1	3	1.33333	1.33333	2	2.333333333	3
1277	21	1	10	17	40	1	0	0	0	0	1	0	5	1	1	1	2	5	2	1	0	0	0	0	0	0
1278	23	1	11	16	40	1	1	0	0	0	0	0	1	1	3	2	4	1	2	1	0	0	0	0	0	0
1279	24	2	10	14	24	0	0	0	0	1	0	0	4	0	3	3	3	4	1	1	0	0	0	0	0	0
1280	17	1	11	16	60	1	0	0	0	0	1	0	5	7	3	2	3	5	3	1	22	15	14	15	20	20
1281	20	1	11	15	50	0	0	1	0	0	0	0	2	1	1	1	1	2	3	1	4	0	2.5	0	2.5	3
1282	21	2	10	15	40	0	0	0	0	1	0	0	4	0	3	2	3	4	2	1	0	0	0	0	3.5	4
1283	20	2	10	14	40	0	0	1	0	0	0	0	2	1	2	2	2	2	2	1	0	0	0	0	0	0
1285	19	2	12	17	50	0	0	1	0	0	0	0	2	1	2	4	2	2	3	1	0	2	2	2	3	3
1286	21	1	11	16	40	1	0	0	0	0	1	0	1	0	1	2	2	5	2	1	0	1	1	1	2	2
1287	21	1	11	16	41	0	1	0	0	0	0	0	1	1	1	4	2	1	3	1	3	1.5	1.5	2	2.5	3
1288	23	1	11	15	50	0	0	0	0	0	1	0	5	7	3	2	2	5	3	1	8	6	16	6	20	20
1289	19	2	11	16	40	1	0	0	1	0	0	0	3	1	3	3	2	3	2	1	11	34.6667	34.6667	38	65.66666667	71
1291	23	1	10	16	40	1	0	0	0	0	1	0	5	1	2	1	1	5	2	1	1	1	1	1	1	1
1292	18	2	11	17	40	0	0	0	0	1	0	0	4	0	2	1	1	4	2	1	0	0	0	0	0	0
1293	25	1	10	14	30	0	0	0	0	1	0	0	4	1	2	1	1	4	1	1	2	2	2	2	5	5
1294	21	2	11	16	40	0	1	0	0	0	0	0	1	1	2	3	2	1	2	1	0	0	0	0	3	3
1295	20	2	11	15	40	1	1	0	0	0	0	0	1	7	2	3	2	1	2	1	2	8	8	8	14	14
1296	24	2	11	16	16	0	0	1	0	0	1	1	2	1	1	1	1	6	1	1	0	2	2	2	2.5	3
1297	24	2	10	15	44	0	0	1	0	0	0	0	2	1	1	2	1	2	3	1	0	0	0	0	3	3
1298	30	2	12	16	115	0	0	1	0	0	0	0	2	7	3	2	2	2	3	2	0	0	0	0	12.5	13
1299	19	2	12	16	27	0	0	0	0	1	0	0	4	1	1	2	1	4	1	1	0	0	2	0	4.5	6
1300	25	1	10	14	40	1	0	0	0	0	1	0	1	1	2	2	2	5	2	1	4	4	3	4	4.5	5
1301	19	1	10	15	30	0	0	0	0	1	0	0	4	0	2	1	2	4	1	1	0	1	0	2	2	4
1302	23	1	10	14	42	0	0	0	0	1	0	0	4	1	3	2	3	4	3	1	0	1	0	1	1	1
1304	21	2	11	16	40	0	0	1	0	0	1	1	2	0	2	1	1	6	2	1	1	8.33333	9	9	12.66666667	15
1305	24	2	10	14	98	1	0	0	0	1	0	0	4	7	2	1	1	4	3	1	4	16.3333	16.3333	18	33.7	44
1306	27	1	12	17	35	0	0	0	0	1	0	0	4	1	1	3	2	4	1	1	0	0	0	0	10	10
1307	19	1	10	15	35	0	0	0	0	1	0	0	4	1	2	2	2	4	1	1	0	0	0	0	8.5	9
1308	20	2	10	15	40	0	0	1	0	0	0	0	2	7	2	3	2	2	2	1	2	0	4	0	8.5	10
1310	19	1	12	17	75	1	0	0	0	0	1	0	1	1	3	2	3	5	3	1	2	10	11	10	16.5	18
1311	18	1	10	15	75	1	1	0	0	0	0	0	1	1	2	2	2	1	3	1	12	29.5	31.5	30	39.5	42
1312	20	1	10	15	35	0	0	1	0	0	0	0	2	7	2	1	1	2	1	1	0	0	0	0	6	6
1313	24	1	10	15	39	0	1	0	0	0	0	0	1	7	3	2	4	1	2	1	3	6	5.5	7	8	9
1314	20	2	11	16	40	0	0	1	0	0	0	0	2	1	1	1	1	2	2	1	0	0	0	0	2.666666667	6
1315	21	1	10	14	70	0	0	1	1	0	0	1	2	1	1	1	2	6	3	1	0	0	0	0	6	6
1316	19	2	12	16	15	0	1	0	0	0	0	0	1	1	3	2	1	1	1	1	0	2	2	2	3	3
1317	18	2	11	15	40	1	0	0	0	0	1	0	5	1	3	4	3	5	2	1	3	9.75	9.75	11	10.75	12
1318	17	1	10	15	40	1	0	0	0	0	1	0	3	1	1	2	2	5	2	1	4	18	17	19	24	26
1319	21	2	10	14	40	0	0	1	0	0	1	1	5	1	3	4	3	6	2	1	0	0	0	0	1	1
1320	19	2	12	16	40	1	0	0	1	0	0	0	3	1	2	4	2	3	2	1	2	4	4	4	5	5
1321	28	1	11	17	18	1	1	0	0	0	0	0	5	1	1	2	2	1	1	1	16	74.8333	77.6667	78	92.83333333	98
1322	18	2	11	16	50	1	0	0	0	0	1	0	5	1	1	3	3	5	3	1	3	13.5	15.5	14	25.5	26
1323	19	2	11	16	0	1	0	0	0	0	1	0	5	1	3	3	3	5	1	1	1	3	3	3	6	6
1324	23	1	12	16	43	0	0	0	0	1	0	0	4	1	2	1	1	4	3	1	0	0	0	0	0	0
1325	24	1	10	14	22	0	0	1	0	0	0	0	2	1	2	2	2	2	1	1	3	7	7	7	25.5	26
1326	20	1	10	15	40	0	0	0	0	1	0	0	4	0	1	1	1	4	2	1	0	1	1	1	1	1
1327	23	1	11	15	40	1	0	0	1	0	0	0	3	1	2	3	3	3	2	1	5	7	8	9	13.5	17
1328	22	2	12	16	40	0	0	1	0	0	0	0	2	7	2	1	1	2	2	1	0	0	0	0	0	0
1329	22	2	10	15	67	0	0	1	0	0	0	0	2	1	2	2	2	2	3	1	0	0	0	0	3	3
1330	25	2	10	14	40	0	0	1	0	0	0	0	2	7	4	5	2	2	2	1	0	0	0	0	2	2
1331	32	1	11	16	40	0	0	0	0	1	0	0	4	0	1	1	2	4	2	2	0	0	0	0	1	1
1332	22	1	10	15	30	1	0	0	0	0	1	0	5	0	2	1	2	5	1	1	1	0.5	0.5	1	0.5	1
1334	23	1	11	17	30	1	0	0	0	0	1	0	5	0	2	2	1	5	1	1	3	2	2	2	2.5	3
1336	28	2	10	16	40	1	1	0	0	0	0	0	1	0	2	1	1	1	2	1	0	0	0	0	0	0
1337	20	2	11	16	20	1	0	0	0	0	1	0	5	0	2	3	3	5	1	1	2	2	4	2	5	5
1339	20	1	10	15	40	0	0	0	0	1	0	0	4	0	3	2	2	4	2	1	2	4	4.33333	4	7.333333333	8
1340	20	2	10	15	35	1	1	0	0	0	0	0	1	7	2	4	2	1	1	1	3	16.1667	22.1667	18	41	45
1343	20	2	10	16	35	0	0	0	0	1	0	0	4	0	2	2	2	4	1	1	12	11	11	11	36.58333333	50
1344	21	1	12	17	40	0	0	0	0	1	0	0	4	0	3	3	3	4	2	1	4	3	3	3	3	3
1345	23	2	11	16	20	0	0	1	0	0	0	0	2	1	1	2	1	2	1	1	0	0	0	0	0	0
1346	25	1	12	17	20	0	0	1	0	0	0	0	2	1	1	1	1	2	1	1	0	0	0	0	0.5	1
1347	23	2	10	14	45	1	1	0	1	1	0	1	1	1	3	2	2	6	3	1	5	6	6	6	9	9
1348	19	2	10	14	32	0	0	1	0	0	0	0	2	1	1	2	2	2	1	1	0	0	0	0	0.333333333	1
1349	20	1	10	15	50	0	0	0	0	1	0	0	4	0	3	1	3	4	3	1	0	2.5	2.5	3	5.5	6
1350	23	2	11	17	40	0	0	0	0	1	0	0	4	0	3	4	2	4	2	1	0	0	0	0	1	1
1351	24	2	12	17	40	1	1	0	0	0	0	0	1	1	2	1	2	1	2	1	0	2	2	2	2	2
1353	24	2	12	16	21	0	0	1	0	0	0	0	2	1	4	1	1	2	1	1	0	3	5	3	5	5
1354	31	2	12	17	40	0	0	1	0	0	0	0	2	1	2	4	3	2	2	2	0	0	0	0	0	0
1355	19	2	11	16	40	0	0	1	0	0	0	0	2	1	1	1	1	2	2	1	0	0	0	0	1	1
1356	21	1	10	15	40	0	0	1	0	0	0	0	2	1	2	2	2	2	2	1	0	0	0	0	1	1
1357	26	1	11	16	40	0	1	0	0	0	0	0	1	1	2	1	1	1	2	1	3	3	3	3	3.5	4
1358	22	1	12	17	40	0	0	0	0	1	0	0	4	0	2	1	1	4	2	1	0	0	0	0	10.91666667	14
1359	20	1	12	16	40	0	0	0	0	1	0	0	4	0	4	2	3	4	2	1	0	0	3.33333	0	25.66666667	34
1360	22	2	12	16	125	0	0	0	0	1	0	0	4	1	1	2	2	4	3	1	0	0	0	0	0	0
1361	23	1	11	15	35	0	0	0	0	1	0	0	4	7	2	1	2	4	1	1	0	0	0	0	0	0
1362	28	2	12	17	40	1	0	0	0	0	1	0	5	7	3	3	2	5	2	1	0	3	3	3	3.25	4
1363	24	2	10	14	40	1	0	0	0	0	1	0	1	1	3	2	2	5	2	1	11	66.8333	69.3333	70	78.83333333	83
1364	22	2	10	15	20	1	0	0	0	0	1	0	5	0	2	4	3	5	1	1	0	7.83333	7.83333	10	12.83333333	16
1365	20	2	10	15	40	1	0	0	0	0	1	0	5	1	2	2	2	5	2	1	2	1	1	1	1	1
1366	22	1	11	15	40	1	0	0	0	0	1	0	5	7	2	2	2	5	2	1	3	14	14	14	21	21
1367	33	2	10	14	65	1	0	0	0	0	1	0	5	1	3	2	1	5	3	2	4	11	10.25	12	23.25	25
1370	32	2	10	14	40	0	0	0	0	1	0	0	4	0	4	1	2	4	2	2	3	6	8	6	10	10
1371	20	1	12	16	24	0	1	0	0	0	0	0	1	1	1	1	2	1	1	1	0	3	3	3	3	3
1372	30	1	12	16	20	1	0	0	0	0	1	0	1	7	3	2	2	5	1	2	0	0	0	0	0	0
1373	24	1	11	15	16	0	0	1	0	0	0	0	2	1	1	2	2	2	1	1	0	0	0	0	3	3
1374	20	1	11	15	40	0	0	1	0	0	0	0	2	1	2	1	1	2	2	1	0	0	0	0	0	0
1375	20	1	12	16	50	0	0	1	0	0	0	0	2	1	1	1	1	2	3	1	3	6	6	6	18.5	19
1376	28	1	11	16	13	0	0	1	0	0	0	0	2	1	1	2	1	2	1	1	0	0	3	0	5	5
1377	28	1	10	15	0	0	0	1	0	0	0	0	2	7	3	1	2	2	1	1	0	0	2	0	2	2
1378	33	1	11	16	18	0	0	1	0	0	0	0	2	1	4	1	1	2	1	2	0	0	0	0	1	1
1380	26	1	10	15	30	0	0	0	0	1	0	0	4	0	2	1	2	4	1	1	0	4.5	4.5	5	16.08333333	19
1381	23	2	12	17	20	0	1	0	0	0	0	0	1	1	4	2	1	1	1	1	0	2	1	2	2	2
1382	24	1	12	16	41	0	0	0	0	1	0	0	4	0	2	1	1	4	3	1	0	0	0	0	0	0
1383	25	2	10	14	40	1	1	0	0	0	0	0	1	1	2	2	2	1	2	1	2	1	1	1	1	1
1386	25	2	11	16	15	0	0	1	0	0	0	0	2	1	1	1	1	2	1	1	0	3.33333	7.5	4	13.83333333	16
1388	20	2	12	18	35	0	0	0	0	1	0	0	4	0	2	1	2	4	1	1	0	0	0	0	4.166666667	5
1389	20	1	10	16	24	0	0	0	0	1	0	0	4	0	1	2	3	4	1	1	0	0	0	0	5	6
1390	18	1	10	15	40	1	1	0	0	0	0	0	1	1	3	2	2	1	2	1	1	0	1	0	1	1
1391	37	1	11	15	40	0	0	0	0	1	0	0	4	7	3	1	3	4	2	2	0	0	0	0	0	0
1393	23	1	11	16	40	0	0	0	0	1	0	0	4	1	1	1	3	4	2	1	0	1	0	1	1	1
1394	23	1	12	16	40	0	0	1	0	0	0	0	2	7	3	2	2	2	2	1	0	0	0	0	0	0
1395	41	1	10	15	40	0	0	0	0	0	1	0	5	0	4	1	2	5	2	2	0	0	0	0	4.5	6
1396	26	1	11	16	12	0	1	0	0	0	0	0	1	7	3	1	2	1	1	1	0	1	1	1	1	1
1397	20	1	10	15	18	0	1	0	0	1	0	1	2	0	2	2	1	6	1	1	0	0	0	0	3	3
1398	20	2	12	16	47	0	0	0	0	1	0	0	4	0	3	2	2	4	3	1	0	0	0	0	8	16
1399	22	2	11	16	40	0	0	0	0	1	0	0	4	1	3	2	2	4	2	1	2	7	7	7	9	10
1400	25	1	12	16	40	0	0	1	1	0	0	1	2	7	3	1	3	6	2	1	0	0	0	0	1	1
1401	18	2	12	17	60	1	0	0	0	0	1	0	5	1	4	1	1	5	3	1	0	0	0	0	0	0
1402	19	2	12	17	60	1	0	0	0	0	1	0	5	1	2	2	2	5	3	1	4	16	15	16	17.5	18
1403	21	1	12	16	6	0	0	0	0	1	0	0	4	0	2	2	2	4	1	1	0	0	0	0	11.5	12
1404	16	1	12	16	16	0	0	0	0	1	0	0	4	7	3	1	1	4	1	1	0	4.33333	4.33333	6	16.33333333	23
1406	20	1	11	16	40	0	0	0	0	1	0	0	4	0	1	1	2	4	2	1	0	0	0	0	0.5	1
1407	31	2	12	16	40	0	0	0	0	1	0	0	4	7	3	1	2	4	2	2	3	9	9	9	9.75	11
1408	22	2	10	14	40	0	0	0	0	1	0	0	4	0	4	2	3	4	2	1	0	0	0	0	9.7	13
1409	24	2	10	14	40	0	0	0	0	1	0	0	3	1	3	3	3	4	2	1	0	0	0	0	0	0
1410	21	1	10	14	30	0	0	1	0	0	0	0	2	1	2	2	2	2	1	1	0	0	0	0	0	0
1412	24	2	11	16	23	1	0	0	0	0	1	0	5	1	2	2	2	5	1	1	0	0	0	0	0	0
1413	21	2	11	17	40	0	0	0	0	1	0	0	4	0	2	1	2	4	2	1	1	3	3	3	3	3
1414	19	1	11	16	40	1	0	0	0	0	1	0	1	7	2	1	4	5	2	1	0	1	1	1	1	1
1416	19	2	11	16	85	0	0	0	0	1	0	0	4	1	1	1	1	4	3	1	7	9	5	9	15	15
1418	27	1	11	15	40	1	0	0	0	0	1	0	5	7	3	4	2	5	2	1	0	4	4	4	9	9
1419	33	1	10	15	40	1	0	0	0	0	1	0	5	1	1	1	1	5	2	2	1	2	2	2	3	3
1420	21	1	12	17	40	1	0	0	0	0	1	0	5	1	1	1	1	5	2	1	3	5	11	5	15	15
1421	23	2	10	14	40	1	1	0	0	0	0	0	1	1	1	2	2	1	2	1	0	1	1	1	1	1
1422	22	1	11	15	40	0	0	1	0	0	0	0	2	1	1	2	1	2	2	1	0	2	2	2	3	3
1423	17	2	12	18	40	1	0	0	0	0	1	0	5	1	2	2	2	5	2	1	0	0	0	0	0	0
1425	20	1	11	17	18	0	0	0	0	1	0	0	4	0	2	3	1	4	1	1	0	0	0	0	0.666666667	2
1426	18	2	11	16	40	1	1	0	0	0	0	0	1	1	3	2	2	1	2	1	2	5	8.5	5	12	14
1427	19	1	12	17	40	1	1	0	0	0	0	0	1	7	2	2	2	1	2	1	0	0	0	0	0	0
1429	29	2	10	15	12	1	0	0	0	0	1	0	5	1	3	3	3	5	1	1	0	0	0	0	0	0
1430	23	1	11	16	95	0	0	0	0	1	0	0	4	0	2	3	2	4	3	1	0	0	0	0	8	8
1431	25	2	12	17	40	1	0	0	0	0	1	0	5	1	4	4	3	5	2	1	2	6.5	6.5	7	12.5	14
1432	27	2	10	14	40	1	0	0	0	0	1	0	5	7	4	4	3	5	2	1	0	3	3	3	6	6
1433	33	2	10	15	110	0	0	1	0	0	0	0	2	7	3	4	2	2	3	2	1	0	1	0	1	1
1434	20	1	12	18	55	0	0	0	0	1	0	0	4	0	3	2	2	4	3	1	0	0	0	0	1	1
1437	22	1	12	17	60	1	0	0	0	0	1	0	5	1	4	4	2	5	3	1	0	3	4.5	3	5.5	6
1438	28	1	10	15	40	1	0	0	0	0	1	0	5	1	3	2	2	5	2	1	8	11.5	12.25	12	21.25	23
1439	23	1	12	17	1	0	0	1	0	0	0	0	2	1	1	2	2	2	1	1	0	0	0	0	0	0
1440	22	2	12	16	40	0	0	0	0	1	0	0	4	7	2	2	2	4	2	1	0	0	0	0	6	6
1442	26	1	12	17	29	0	0	0	0	1	0	0	4	0	2	2	2	4	1	1	0	0	0	0	1	1
1443	22	1	10	14	10	0	0	1	0	0	0	0	2	1	1	2	2	2	1	1	0	0	0	0	0	0
1444	21	1	11	16	40	0	0	1	0	0	0	0	2	1	2	2	2	2	2	1	1	0	2	0	2.5	4
1445	19	2	11	16	23	0	0	0	0	1	0	0	4	0	1	1	1	4	1	1	0	1.5	0	3	1.833333333	4
1446	18	2	11	16	50	0	0	1	0	0	0	0	2	1	1	1	1	2	3	1	0	0	0	0	0	0
1447	25	2	12	17	40	1	1	0	0	0	0	0	1	1	2	3	2	1	2	1	0	2	2	2	3	3
1448	20	1	11	16	23	0	1	0	0	0	0	0	1	1	1	1	2	1	1	1	0	1	1	1	1	1
1449	20	1	10	15	16	1	0	0	0	0	1	0	5	1	2	3	3	5	1	1	0	8.5	8.5	9	13.5	14
1450	44	2	12	17	40	1	1	0	0	0	0	0	1	1	2	4	2	1	2	2	0	0	0	0	1	1
1451	23	2	11	16	19	0	0	0	0	1	0	0	4	0	2	3	2	4	1	1	0	0	0	0	18.66666667	22
1452	21	1	10	15	40	0	0	1	0	0	0	0	2	7	1	1	2	2	2	1	0	0	0	0	0	0
1453	22	1	12	17	16	1	0	0	0	0	1	0	5	1	3	3	3	5	1	1	0	3.5	4.5	4	4.5	5
1454	22	2	10	15	20	1	1	0	0	0	0	0	1	1	3	3	2	1	1	1	0	12	12	13	23.5	25
1455	21	1	11	16	40	0	0	0	0	1	0	0	4	0	1	1	2	4	2	1	0	0	0	0	21.78333333	32
1456	22	2	10	14	50	0	0	0	0	1	0	0	4	0	2	2	2	4	3	1	0	0	0	0	1.583333333	4
1457	24	1	12	18	13	1	1	0	0	0	0	0	1	7	3	2	2	1	1	1	2	6.33333	9.33333	7	13.33333333	14
1458	19	2	10	15	80	0	0	0	0	1	0	0	4	1	2	4	3	4	3	1	0	4.33333	4.33333	6	9.333333333	11
1459	21	2	11	16	40	0	0	0	0	1	0	0	4	1	2	2	2	4	2	1	0	0	0	0	0.5	1
1460	20	1	10	15	40	0	0	0	0	1	0	0	4	0	1	1	2	4	2	1	5	2.66667	2.66667	4	14.41666667	17
1462	22	1	11	15	75	0	0	0	0	1	0	0	4	1	3	4	3	4	3	1	0	0	0	0	0	0
1464	17	1	11	16	50	1	0	0	0	0	1	0	5	1	2	2	3	5	3	1	0	0	0	0	33.33333333	44
1465	36	1	12	17	40	0	0	0	0	1	0	0	4	1	1	1	1	4	2	2	0	2	2	2	5	5
1466	27	2	11	15	40	0	0	0	0	1	0	0	4	1	3	2	2	4	2	1	2	14.5	15.3333	15	21.83333333	23
1467	23	1	12	17	40	1	1	0	0	0	0	0	1	7	1	2	2	1	2	1	0	3	3	3	5	5
1469	38	2	12	17	15	1	0	0	0	0	1	0	5	7	4	3	4	5	1	2	0	0	0	0	13	13
1470	22	2	10	15	20	1	1	0	0	0	0	0	1	1	3	3	2	1	1	1	0	12	12.2	14	19.7	26
1471	22	2	12	17	4	1	0	0	0	1	0	0	4	0	2	2	2	4	1	1	0	0	3.33333	0	19.33333333	27
1472	23	2	11	15	78	1	1	0	0	0	0	0	1	1	3	3	2	1	3	1	0	3	3	3	4.5	5
1473	24	2	10	14	37	1	0	0	0	0	1	0	5	1	3	2	2	5	2	1	3	25	28.75	27	39.83333333	43
1474	19	2	11	16	50	1	1	0	0	0	0	0	1	1	1	1	4	1	3	1	0	0	0	0	0	0
1477	21	2	11	15	90	0	0	1	0	0	0	0	2	1	3	1	1	2	3	1	0	0	0	0	3	3
1478	20	1	12	16	16	0	0	1	0	0	0	0	2	1	3	2	2	2	1	1	0	0	0	0	3	3
1483	25	2	11	16	50	0	0	1	0	0	0	0	2	1	1	1	2	2	3	1	0	0	0	0	0	0
1484	21	2	9	14	40	0	0	0	0	0	1	0	1	1	2	2	2	5	2	1	0	1	1	1	1	1
1485	22	2	11	16	50	0	0	1	0	0	0	0	2	1	2	4	2	2	3	1	0	0	0	0	3	3
1486	23	1	11	15	30	0	0	1	0	0	0	0	2	1	2	2	2	2	1	1	0	0	0	0	0	0
1487	33	2	10	14	30	0	0	1	0	0	0	0	2	1	4	2	2	2	1	2	0	2	2	2	3	3
1488	18	1	10	15	15	0	1	0	0	0	0	0	1	1	3	1	4	1	1	1	0	0	0	0	3.5	4
1489	22	1	10	16	40	0	0	1	0	0	0	0	2	1	2	2	2	2	2	1	0	1	1	1	1	1
1490	21	1	12	16	39	0	0	1	0	0	0	0	2	1	2	1	1	2	2	1	0	0	0	0	0	0
1491	23	2	12	18	40	0	0	0	0	1	0	0	4	0	2	2	2	4	2	1	0	0	2.33333	0	6.833333333	8
1492	31	1	10	16	70	0	1	0	0	0	0	0	1	7	4	1	1	1	3	2	2	1.5	2.5	2	2.5	3
1493	32	2	10	15	40	0	0	0	0	1	0	0	4	1	4	2	2	4	2	2	2	7	7	8	11.5	13
1494	26	2	11	15	40	0	0	0	0	1	0	0	4	1	4	3	2	4	2	1	0	0	0	0	5.5	6
1495	22	2	11	15	31	0	0	1	0	0	0	0	2	1	4	4	2	2	1	1	1	0	5	0	12.5	13
1496	22	1	9	15	24	0	0	1	0	0	0	0	2	1	1	1	1	2	1	1	0	2	2	2	3	3
1497	20	2	11	15	31	0	0	1	0	0	0	0	2	1	2	2	2	2	1	1	0	0	0	0	0	0
1498	23	1	12	16	57	1	0	0	0	0	1	0	5	1	3	4	3	5	3	1	0	0	0	0	0	0
1499	20	1	11	16	24	0	0	0	0	1	0	0	4	0	1	1	1	4	1	1	0	0	0	0	3.5	4
1500	19	1	11	16	45	0	0	0	0	1	0	0	4	0	2	2	2	4	3	1	0	0	0	0	5.916666667	8
1501	19	1	11	15	60	0	1	0	0	0	0	0	1	1	2	1	1	1	3	1	4	4	4	4	5	5
1502	30	1	11	16	71	0	0	0	0	1	0	0	4	1	3	2	2	4	3	2	0	0	4	0	23.5	34
1503	24	1	10	15	14	0	0	0	0	1	0	0	4	0	2	1	1	4	1	1	0	0	0	0	19.5	20
1504	18	2	10	15	71	0	0	0	0	1	0	0	4	0	1	1	2	4	3	1	0	0	0	0	11.5	12
1505	25	2	11	15	71	0	0	0	0	1	0	0	4	1	3	1	1	4	3	1	0	5	5	5	13	13
1506	23	2	12	17	40	0	0	0	0	1	0	0	4	7	2	2	2	4	2	1	0	4	4	5	5	6
1508	22	2	11	16	35	1	0	0	0	0	1	0	5	7	3	1	1	5	1	1	0	3.5	5.25	4	5.75	7
1509	23	2	11	16	40	0	0	0	0	1	0	0	4	7	3	2	2	4	2	1	2	4.5	4.5	5	18.33333333	23
1510	22	1	10	16	15	0	0	0	0	1	0	0	4	0	2	2	2	4	1	1	0	0	0	0	0	0
1511	18	2	11	16	40	0	0	0	0	1	0	0	4	0	2	3	2	4	2	1	0	0	2	0	4.5	6
1512	24	1	12	16	40	1	0	0	0	0	1	0	5	7	1	1	1	5	2	1	0	0	0	0	0	0
1513	29	1	11	15	50	1	0	0	0	0	1	0	5	7	2	2	2	5	3	1	0	1	1	1	2	2
1514	31	1	10	15	48	1	1	0	0	0	1	1	5	1	2	4	2	6	3	2	0	0	0	0	0	0
1515	18	2	10	14	50	1	0	0	0	0	1	0	5	1	1	3	3	5	3	1	2	7	5.5	7	7.5	8
1516	22	2	11	15	40	0	0	0	0	1	0	0	4	0	2	3	3	4	2	1	0	0	0	0	9.5	11
1517	35	1	11	15	40	1	0	0	0	0	1	0	5	7	2	2	2	5	2	2	0	5	4	6	5	6
1518	19	2	12	16	0	1	1	0	0	0	0	0	1	1	3	2	2	1	1	1	0	3	2	3	3	3
1519	27	1	12	17	45	1	1	0	0	0	0	0	1	1	3	2	2	1	3	1	0	0	0	0	0	0
1520	19	2	10	15	30	0	1	0	0	0	0	0	1	1	3	3	2	1	1	1	0	0	0	0	0	0
1521	27	1	12	17	80	0	0	0	0	1	0	0	4	1	2	3	3	4	3	1	0	4	4	4	8.5	9
1522	22	1	10	15	40	0	0	0	0	1	0	0	1	0	3	2	1	4	2	1	0	0	0	0	3	3
1523	16	1	11	16	40	0	0	0	0	1	0	0	4	1	1	2	2	4	2	1	0	0	0	0	1	1
1524	18	2	12	15	14	1	0	0	0	0	1	0	5	1	2	3	2	5	1	1	2	2	2	2	2	2
1525	21	1	11	15	30	1	0	0	0	0	1	0	5	1	1	1	1	5	1	1	0	9.41667	4.86667	15	18.61666667	31
1526	24	1	12	17	40	0	0	0	0	1	0	0	4	7	2	2	2	4	2	1	0	0	0	0	0	0
1527	24	1	10	14	25	0	0	0	0	1	0	0	4	1	2	1	2	4	1	1	1	0	5	0	9.75	12
1528	24	2	11	15	40	0	0	1	0	0	0	0	2	1	2	2	2	2	2	1	0	0	0	0	9	9
1529	25	2	11	15	17	1	0	0	0	0	1	0	5	0	3	2	3	5	1	1	0	26	24.6667	30	42.83333333	51
1530	25	2	12	17	40	0	0	1	0	0	0	0	2	1	2	1	2	2	2	1	0	1	1	1	1	1
1531	28	2	10	15	17	1	0	0	0	0	1	0	5	0	3	1	2	5	1	1	0	22.5	28.1667	27	35.33333333	43
1532	22	2	12	17	40	1	0	0	0	0	1	0	5	1	1	2	2	5	2	1	0	4.5	4.5	5	5	6
1533	22	1	10	15	22	0	0	0	0	1	0	0	4	7	2	2	2	4	1	1	0	0	0	0	4.583333333	6
1535	27	1	10	15	25	0	0	0	0	1	0	0	4	7	2	2	2	4	1	1	0	0	0	0	1	1
1539	18	1	12	16	40	0	0	1	0	0	0	0	2	1	2	2	2	2	2	1	0	0	0	0	1	1
1540	23	2	10	15	7	0	0	1	0	0	0	0	2	1	1	2	2	2	1	1	0	2	2	2	5	5
1543	31	2	12	18	40	1	1	0	0	0	0	0	1	1	4	2	2	1	2	2	3	16.5833	16.9	20	24.56666667	33
1544	36	2	10	14	50	0	0	1	0	0	0	0	2	1	4	1	1	2	3	2	0	0	2	0	5	5
1545	21	2	12	17	54	0	0	1	0	0	0	0	2	7	3	1	1	2	3	1	0	0	0	0	2	2
1546	16	1	10	14	45	0	0	0	0	1	0	0	4	1	1	1	1	4	3	1	0	0	0	0	0	0
1547	19	2	11	15	60	0	0	1	0	0	0	0	2	1	3	2	2	2	3	1	0	2	2	2	2	2
1548	26	2	12	16	50	0	0	1	0	0	0	0	2	1	1	3	1	2	3	1	0	0	5	0	7	7
1550	28	1	12	17	75	1	0	0	0	0	1	0	5	1	4	1	1	5	3	1	0	1	1	1	1	1
1552	24	1	11	16	20	1	0	0	0	0	1	0	3	1	2	3	4	5	1	1	0	0.833333	0.833333	2	0.833333333	2
1553	28	2	10	15	40	1	1	0	0	0	0	0	1	1	2	4	2	1	2	1	0	1	1	1	2	3
1554	20	2	11	16	54	0	0	0	0	1	0	0	4	7	2	2	2	4	3	1	21	28.5	38.3333	29	81.33333333	101
1555	21	2	10	14	50	0	0	0	0	1	0	0	4	0	2	2	2	4	3	1	0	0	0	0	18.45	26
1556	22	1	10	14	17	1	0	0	0	0	1	0	3	1	3	4	2	5	1	1	2	2	2	2	4.333333333	5
1557	28	2	11	15	20	1	1	0	0	0	0	0	1	7	3	4	2	1	1	1	0	3.5	4.33333	4	4.833333333	7
1558	19	1	10	15	8	1	1	0	0	0	0	0	1	1	4	2	4	1	1	1	0	4	3	4	6	6
1559	31	2	10	15	17	1	0	0	0	0	1	0	1	7	4	4	4	5	1	2	0	2.5	6.5	3	9.833333333	12
1560	26	2	10	15	40	1	0	0	0	0	1	0	5	0	2	2	2	5	2	1	0	2	2	2	5	5
1561	20	2	12	17	40	0	0	0	0	1	0	0	4	1	3	2	2	4	2	1	0	2	2	2	3	3
1562	32	2	10	14	24	1	0	0	0	1	0	0	4	1	2	1	2	4	1	2	0	0	0	0	0	0
1563	19	1	11	16	40	1	1	0	0	0	0	0	1	1	3	2	2	1	2	1	0	0	0	0	0	0
1564	26	2	11	16	40	0	0	0	0	1	0	0	4	7	2	1	1	4	2	1	0	3	3	3	6	6
1565	20	2	10	15	40	0	0	0	0	1	0	0	4	1	3	1	1	4	2	1	0	16.6667	3.66667	23	40.5	61
1566	30	1	11	16	24	1	0	0	0	1	0	0	4	1	2	2	2	4	1	2	0	4	4.5	4	4.5	5
1567	28	1	12	16	70	0	0	0	0	1	0	0	4	1	3	2	2	4	3	1	1	0	2	0	2.5	3
1568	24	1	12	16	70	0	0	0	0	1	0	0	4	1	3	1	2	4	3	1	0	0	0	0	5	5
1569	25	1	12	16	40	0	0	0	0	1	0	0	4	0	2	3	2	4	2	1	0	1	0	1	1	1
1570	24	1	12	17	40	0	1	0	0	0	0	0	1	7	3	2	2	1	2	1	1	1	1	1	1	1
1571	21	2	10	14	36	1	1	0	0	0	0	0	1	1	2	2	2	1	2	1	3	3	8.5	3	12.5	13
1572	21	1	10	14	42	0	0	0	0	1	0	0	4	0	1	2	2	4	3	1	0	0	0	0	8.25	10
1574	26	2	11	17	40	1	1	0	0	0	0	0	1	7	4	4	2	1	2	1	0	0	0	0	0	0
1575	21	1	11	16	65	0	0	0	0	1	0	0	4	0	3	2	2	4	3	1	0	0	0	0	2.5	4
1576	21	1	11	15	40	0	0	1	0	0	0	0	2	7	1	2	2	2	2	1	0	0	0	0	2.5	3
1577	33	1	12	16	40	1	0	0	0	1	0	0	4	1	2	3	1	4	2	2	0	3	3	3	3	3
1578	21	2	10	14	27	1	1	0	0	0	0	0	1	1	2	3	2	1	1	1	3	3	3	3	5.5	6
1579	27	2	10	15	40	0	1	0	0	0	0	0	1	1	3	4	3	1	2	1	0	0	0	0	0	0
1582	24	2	12	16	42	0	0	0	0	1	0	0	4	0	2	2	2	4	3	1	0	0	0	0	1	1
1583	19	2	11	16	55	0	0	0	0	1	0	0	4	0	3	3	3	4	3	1	0	0	0	0	0	0
1584	24	2	11	15	40	0	0	1	0	0	0	0	2	7	3	2	2	2	2	1	0	0	0	0	12.33333333	13
1585	26	2	10	14	55	0	0	0	0	1	0	0	4	0	4	3	1	4	3	1	0	0	0	0	0	0
1586	20	1	12	17	40	0	0	0	0	1	0	0	1	1	2	4	2	4	2	1	0	0	0	0	0	0
1587	20	1	11	15	60	0	0	1	0	0	0	0	2	1	1	1	2	2	3	1	0	0	0	0	1	1
1588	22	2	10	14	60	0	0	1	0	0	0	0	2	1	1	1	1	2	3	1	0	3	3	3	5.333333333	6
1589	20	1	11	15	30	0	0	1	0	0	0	0	2	7	2	4	4	2	1	1	0	0	1	0	1	1
1590	27	2	10	15	60	0	0	1	0	0	0	0	2	1	1	1	1	2	3	1	0	0	0	0	1	1
1591	22	1	11	16	40	0	0	1	0	0	0	0	2	1	2	2	3	2	2	1	0	0	0	0	15	15
1592	21	1	11	16	45	1	0	0	0	1	0	0	4	7	2	3	3	4	3	1	0	0.5	0.5	1	0.5	1
1593	21	2	11	16	76	0	0	1	0	0	0	0	2	1	3	2	1	2	3	1	0	0	0	0	0	0
1594	28	1	11	16	85	0	0	1	0	0	0	0	2	7	3	3	2	2	3	1	0	0	0	0	3	3
1595	21	1	11	16	83	0	0	1	0	0	0	0	2	7	2	1	1	2	3	1	0	0	0	0	27.5	28
1596	30	2	10	15	70	0	0	1	0	0	0	0	2	1	3	2	2	2	3	2	0	0	0	0	1	1
1597	25	1	11	17	67	0	0	0	0	1	0	0	4	0	3	2	2	4	3	1	0	0	0	0	1	1
1598	21	1	11	16	40	0	1	0	0	1	0	1	5	1	4	4	4	6	2	1	0	3.5	3.5	4	4.5	5
1599	29	2	10	14	35	0	0	1	1	0	0	1	2	1	3	3	2	6	1	1	0	0	2	0	3	3
1600	19	2	12	17	40	0	0	0	0	1	0	0	4	1	3	2	2	4	2	1	0	0	0	0	0	0
1601	21	2	10	14	65	1	1	0	0	0	1	1	1	1	2	1	3	6	3	1	0	32	34.5	33	48	50
1602	23	2	10	15	40	1	0	0	0	0	1	0	5	1	3	3	2	5	2	1	0	0	0	0	0	0
1603	20	2	12	17	40	0	0	0	0	1	0	0	4	1	3	1	3	4	2	1	0	0	0	0	1	1
1604	24	1	11	16	50	1	0	0	0	0	1	0	5	1	3	1	2	5	3	1	0	5	5	6	8	9
1605	19	1	12	16	2	1	1	0	0	0	0	0	1	1	3	1	1	1	1	1	0	0	0	0	0	0
1606	25	1	12	16	30	1	0	0	0	0	1	0	5	0	1	1	2	5	1	1	0	4.5	5.2	5	9.7	12
1607	23	2	11	15	50	1	1	0	0	0	0	0	1	1	2	3	2	1	3	1	0	5	8	5	12	12
1608	20	1	10	14	35	1	1	0	0	0	0	0	5	1	1	2	2	1	1	1	0	0.333333	0.25	1	0.583333333	2
1609	21	2	10	15	40	1	1	0	0	0	0	0	1	1	4	3	3	1	2	1	0	0	0	0	0	0
1610	23	2	11	16	40	1	1	0	0	0	0	0	1	1	2	2	2	1	2	1	0	0	0	0	0	0
1611	20	1	12	16	40	0	0	1	0	0	0	0	2	7	2	1	2	2	2	1	0	0	0	0	0	0
1612	27	1	12	18	44	1	0	0	0	0	1	0	5	1	2	2	2	5	3	1	0	2.5	1	3	5	6
1614	33	1	11	15	42	0	0	0	0	1	0	0	4	1	4	1	3	4	3	2	0	1	0	1	1	1
1615	27	2	10	14	70	0	0	0	0	1	0	0	4	1	3	3	4	4	3	1	0	0	0	0	0.5	1
1616	33	1	10	15	40	0	0	0	0	1	0	0	3	1	3	2	2	4	2	2	0	0	0	0	0.5	1
1618	20	1	10	17	50	0	0	0	0	1	0	0	4	0	3	2	2	4	3	1	0	0	0	0	0	0
1619	20	1	10	14	40	0	0	0	0	1	0	0	4	0	3	1	3	4	2	1	3	5.5	5.5	6	7.5	8
1620	26	1	11	16	40	0	0	1	0	0	0	0	2	7	3	1	1	2	2	1	0	3	3	3	6	6
1621	25	2	12	17	12	1	0	0	0	0	1	0	5	0	2	3	2	5	1	1	0	2	2	2	2.5	3
1622	23	2	10	14	40	0	0	1	0	0	0	0	2	1	4	2	2	2	2	1	0	0	0	0	0	0
1623	20	1	10	15	12	1	0	0	0	0	1	0	5	0	2	2	2	5	1	1	0	1.5	0.5	2	1.5	2
1624	18	2	11	16	40	0	0	1	0	0	0	0	2	1	3	3	2	2	2	1	0	3	3	3	6	6
1625	26	2	12	16	50	0	0	1	0	0	0	0	2	1	4	3	3	2	3	1	0	0	0	0	1	1
1627	28	2	12	18	40	1	0	0	0	0	1	0	5	0	4	4	2	5	2	1	0	1	1	1	1	1
1628	19	1	10	14	28	0	1	0	0	0	0	0	1	7	3	1	2	1	1	1	0	0	0	0	0	0
1629	24	2	10	15	40	1	0	0	0	0	1	0	5	1	1	1	1	5	2	1	0	18	18	18	36	36
1630	22	2	10	14	40	0	0	0	0	1	0	0	4	1	3	4	2	4	2	1	0	2	2	2	3	3
1631	19	2	10	14	32	1	0	0	0	0	1	0	5	7	2	1	2	5	1	1	0	7.5	7.5	8	14	15
1636	21	2	12	17	40	0	0	0	0	1	0	0	4	0	2	3	3	4	2	1	0	0	0	0	0	0
1637	27	1	11	16	40	1	0	0	0	0	1	0	5	0	1	2	2	5	2	1	0	1.5	1.5	2	2.5	3
1638	22	2	12	16	40	1	0	0	0	0	1	0	5	1	3	3	3	5	2	1	3	6.95	7.18333	9	12.93333333	18
1639	37	1	11	16	40	1	1	0	0	0	0	0	1	0	2	2	2	1	2	2	0	0	0	0	0	0
1640	21	2	10	15	7	0	0	0	0	1	0	0	4	1	3	4	2	4	1	1	0	0	0	0	62.33333333	71
1641	21	1	12	16	30	1	0	0	0	0	1	0	5	7	1	1	1	5	1	1	0	0	2	0	3	3
1642	21	1	12	18	40	1	0	0	0	0	1	0	5	0	2	2	2	5	2	1	0	0	0	0	0	0
1643	24	1	10	16	4	0	0	0	0	1	0	0	4	0	3	4	2	4	1	1	0	0	0	0	0	0
1644	22	1	10	14	60	0	0	1	0	0	0	0	2	1	2	1	1	2	3	1	0	0	0	0	4.5	5
1645	22	1	11	17	40	0	0	0	0	1	0	0	4	0	3	2	2	4	2	1	0	7	7	7	27	27
1646	24	2	11	16	50	0	0	1	0	0	0	0	2	1	2	1	1	2	3	1	0	3	3	3	6	6
1649	18	2	11	16	37	0	0	1	0	0	0	0	2	1	2	2	3	2	2	1	0	2	2	2	3	3
1650	22	1	12	18	125	0	1	0	0	0	0	0	1	7	3	4	3	1	3	1	0	1	1	1	1	1
1651	21	2	10	15	45	0	0	1	0	0	0	0	2	1	1	1	2	2	3	1	0	0	8	0	14	14
1652	21	1	10	14	40	0	0	1	0	0	0	0	2	1	1	2	2	2	2	1	0	6	3	6	9	9
1654	33	1	12	17	72	0	1	0	0	0	0	0	1	1	3	4	1	1	3	2	0	5	6.5	5	7.5	8
1655	22	2	10	15	25	0	1	0	0	0	0	0	1	7	1	3	2	1	1	1	0	0	1	0	1	1
1656	19	1	12	17	15	1	1	0	0	0	0	0	1	7	2	3	3	1	1	1	0	0	0	0	0	0
1657	22	1	10	16	40	1	0	0	0	0	1	0	5	0	1	1	2	5	2	1	0	0	0	0	3	3
1659	23	1	12	16	40	0	1	0	0	0	0	0	1	7	2	2	2	1	2	1	0	14	15	14	16.83333333	18
1660	21	2	11	16	40	1	1	0	0	0	0	0	1	0	1	2	2	1	2	1	0	3.5	3.5	4	5.5	6
1661	18	2	11	15	50	0	0	0	0	1	0	0	4	0	2	2	2	4	3	1	0	9	13.4167	9	25.83333333	35
1662	22	1	11	16	40	0	0	1	0	0	0	0	2	1	1	4	3	2	2	1	0	0	0	0	0	0
1663	17	1	12	17	50	0	0	0	0	1	0	0	4	0	3	2	2	4	3	1	0	0	0	0	15.5	20
1664	29	1	12	17	40	0	1	0	0	0	0	0	1	1	1	2	2	1	2	1	0	1	1	1	2	2
1665	27	1	11	16	50	1	0	0	0	0	1	0	5	1	2	4	3	5	3	1	0	0	1	0	1	1
1666	24	2	11	16	10	0	0	0	0	1	0	0	4	0	1	3	3	4	1	1	0	0	0	0	4.5	5
1667	19	2	10	16	39	0	0	0	0	1	0	0	4	0	2	3	2	4	2	1	0	10.5	10.5	11	11.66666667	14
1669	19	2	10	14	26	0	0	0	0	0	1	0	5	1	2	1	3	5	1	1	0	0	9.5	0	48.25	51
1670	25	1	11	15	40	1	0	0	0	0	1	0	5	1	5	3	2	5	2	1	0	4.33333	4.33333	5	7.333333333	8
1671	27	1	12	16	40	0	0	0	0	1	0	0	4	0	2	1	1	4	2	1	0	21.5	21.5	22	32.25	34
1672	25	1	11	17	53	1	1	0	0	0	1	1	1	1	2	2	2	6	3	1	0	17.5	18	22	22.5	28
1673	21	1	11	16	40	0	0	0	0	1	0	0	4	0	2	2	3	4	2	1	0	0	0	0	0	0
1674	26	1	11	15	25	0	0	0	0	1	0	0	4	1	4	2	2	4	1	1	0	0	0	0	14.66666667	17
1675	26	2	10	14	32	0	0	0	0	1	0	0	4	0	4	4	4	4	1	1	0	0	0	0	1	1
